   0.0000000e+00   0.0000000e+00   0.0000000e+00   0.0000000e+00   0.0000000e+00
   0.0000000e+00   0.0000000e+00   0.0000000e+00   0.0000000e+00   0.0000000e+00
   0.0000000e+00   0.0000000e+00   0.0000000e+00   0.0000000e+00   0.0000000e+00
   0.0000000e+00   0.0000000e+00   0.0000000e+00   0.0000000e+00   0.0000000e+00
   0.0000000e+00   0.0000000e+00   0.0000000e+00   0.0000000e+00   0.0000000e+00
   0.0000000e+00   0.0000000e+00   0.0000000e+00   0.0000000e+00   0.0000000e+00
   0.0000000e+00   0.0000000e+00   0.0000000e+00   0.0000000e+00   0.0000000e+00
   0.0000000e+00   0.0000000e+00   0.0000000e+00   0.0000000e+00   0.0000000e+00
   0.0000000e+00   0.0000000e+00   0.0000000e+00   0.0000000e+00   0.0000000e+00
   0.0000000e+00   0.0000000e+00   0.0000000e+00   0.0000000e+00   0.0000000e+00
   0.0000000e+00   0.0000000e+00   0.0000000e+00   0.0000000e+00   0.0000000e+00
   0.0000000e+00   0.0000000e+00   0.0000000e+00   0.0000000e+00   0.0000000e+00
   0.0000000e+00   0.0000000e+00   0.0000000e+00   0.0000000e+00   0.0000000e+00
   0.0000000e+00   0.0000000e+00   0.0000000e+00   0.0000000e+00   0.0000000e+00
   0.0000000e+00   0.0000000e+00   0.0000000e+00   0.0000000e+00   0.0000000e+00
   0.0000000e+00   0.0000000e+00   0.0000000e+00   0.0000000e+00   0.0000000e+00
   0.0000000e+00   0.0000000e+00   0.0000000e+00   0.0000000e+00   0.0000000e+00
   0.0000000e+00   0.0000000e+00   0.0000000e+00   0.0000000e+00   0.0000000e+00
   0.0000000e+00   0.0000000e+00   0.0000000e+00   0.0000000e+00   0.0000000e+00
   0.0000000e+00   0.0000000e+00   0.0000000e+00   0.0000000e+00   0.0000000e+00
   0.0000000e+00   0.0000000e+00   0.0000000e+00   0.0000000e+00   0.0000000e+00
   0.0000000e+00   0.0000000e+00   0.0000000e+00   0.0000000e+00   0.0000000e+00
   0.0000000e+00   0.0000000e+00   0.0000000e+00   0.0000000e+00   0.0000000e+00
   0.0000000e+00   0.0000000e+00   0.0000000e+00   0.0000000e+00   0.0000000e+00
   0.0000000e+00   0.0000000e+00   0.0000000e+00   0.0000000e+00   0.0000000e+00
   0.0000000e+00   0.0000000e+00   0.0000000e+00   0.0000000e+00   0.0000000e+00
   0.0000000e+00   0.0000000e+00   0.0000000e+00   0.0000000e+00   0.0000000e+00
   0.0000000e+00   0.0000000e+00   0.0000000e+00   0.0000000e+00   0.0000000e+00
   0.0000000e+00   0.0000000e+00   0.0000000e+00   0.0000000e+00   0.0000000e+00
   0.0000000e+00   0.0000000e+00   0.0000000e+00   0.0000000e+00   0.0000000e+00
   0.0000000e+00   0.0000000e+00   0.0000000e+00   0.0000000e+00   0.0000000e+00
   0.0000000e+00   0.0000000e+00   0.0000000e+00   0.0000000e+00   0.0000000e+00
   0.0000000e+00   0.0000000e+00   4.0056786e-06   0.0000000e+00   0.0000000e+00
   0.0000000e+00   0.0000000e+00   2.7758771e-05   0.0000000e+00   0.0000000e+00
   0.0000000e+00   0.0000000e+00   4.3158908e-05   0.0000000e+00   0.0000000e+00
   0.0000000e+00   0.0000000e+00   5.9781751e-05   0.0000000e+00   0.0000000e+00
   0.0000000e+00   0.0000000e+00   7.8156691e-05   0.0000000e+00   0.0000000e+00
   0.0000000e+00   0.0000000e+00   9.9512249e-05   0.0000000e+00   0.0000000e+00
   0.0000000e+00   0.0000000e+00   1.2372617e-04   0.0000000e+00   0.0000000e+00
   0.0000000e+00   0.0000000e+00   1.5100839e-04   0.0000000e+00   0.0000000e+00
   0.0000000e+00   0.0000000e+00   1.8324017e-04   0.0000000e+00   0.0000000e+00
   0.0000000e+00   0.0000000e+00   2.2033300e-04   0.0000000e+00   0.0000000e+00
   0.0000000e+00   0.0000000e+00   2.6336138e-04   0.0000000e+00   0.0000000e+00
   0.0000000e+00   0.0000000e+00   3.1511946e-04   0.0000000e+00   0.0000000e+00
   0.0000000e+00   0.0000000e+00   3.7391814e-04   0.0000000e+00   0.0000000e+00
   0.0000000e+00   0.0000000e+00   4.4136498e-04   0.0000000e+00   0.0000000e+00
   0.0000000e+00   0.0000000e+00   5.2083986e-04   0.0000000e+00   0.0000000e+00
   0.0000000e+00   0.0000000e+00   6.1233773e-04   0.0000000e+00   0.0000000e+00
   0.0000000e+00   0.0000000e+00   7.1822840e-04   0.0000000e+00   0.0000000e+00
   0.0000000e+00   0.0000000e+00   8.4401360e-04   0.0000000e+00   0.0000000e+00
   0.0000000e+00   0.0000000e+00   9.8560010e-04   0.0000000e+00   0.0000000e+00
   0.0000000e+00   0.0000000e+00   1.1479670e-03   0.0000000e+00   0.0000000e+00
   0.0000000e+00   0.0000000e+00   1.3383251e-03   0.0000000e+00   0.0000000e+00
   0.0000000e+00   0.0000000e+00   1.5560372e-03   0.0000000e+00   0.0000000e+00
   0.0000000e+00   0.0000000e+00   1.8054273e-03   0.0000000e+00   0.0000000e+00
   0.0000000e+00   0.0000000e+00   2.0937358e-03   0.0000000e+00   0.0000000e+00
   0.0000000e+00   0.0000000e+00   2.4216178e-03   0.0000000e+00   0.0000000e+00
   0.0000000e+00   0.0000000e+00   2.7974267e-03   0.0000000e+00   0.0000000e+00
   0.0000000e+00   0.0000000e+00   3.2262661e-03   0.0000000e+00   0.0000000e+00
   0.0000000e+00   0.0000000e+00   3.7179736e-03   0.0000000e+00   0.0000000e+00
   0.0000000e+00   0.0000000e+00   4.2765855e-03   0.0000000e+00   0.0000000e+00
   0.0000000e+00   0.0000000e+00   4.9114040e-03   0.0000000e+00   0.0000000e+00
   0.0000000e+00   0.0000000e+00   5.6325513e-03   0.0000000e+00   0.0000000e+00
   0.0000000e+00   0.0000000e+00   6.4502800e-03   0.0000000e+00   0.0000000e+00
   0.0000000e+00   0.0000000e+00   7.3776440e-03   0.0000000e+00   0.0000000e+00
   0.0000000e+00   0.0000000e+00   8.4261400e-03   0.0000000e+00   0.0000000e+00
   0.0000000e+00   0.0000000e+00   9.6071251e-03   0.0000000e+00   0.0000000e+00
   0.0000000e+00   0.0000000e+00   1.0941133e-02   0.0000000e+00   0.0000000e+00
   0.0000000e+00   0.0000000e+00   1.2440021e-02   0.0000000e+00   0.0000000e+00
   0.0000000e+00   0.0000000e+00   1.4126567e-02   0.0000000e+00   0.0000000e+00
   0.0000000e+00   0.0000000e+00   1.6017792e-02   0.0000000e+00   0.0000000e+00
   0.0000000e+00   0.0000000e+00   1.8137724e-02   0.0000000e+00   0.0000000e+00
   0.0000000e+00   0.0000000e+00   2.0509060e-02   0.0000000e+00   0.0000000e+00
   0.0000000e+00   0.0000000e+00   2.3157712e-02   0.0000000e+00   0.0000000e+00
   0.0000000e+00   0.0000000e+00   2.6108656e-02   0.0000000e+00   0.0000000e+00
   0.0000000e+00   0.0000000e+00   2.9398068e-02   0.0000000e+00   0.0000000e+00
   0.0000000e+00   0.0000000e+00   3.3052623e-02   0.0000000e+00   0.0000000e+00
   0.0000000e+00   0.0000000e+00   3.7110806e-02   0.0000000e+00   0.0000000e+00
   0.0000000e+00   0.0000000e+00   4.1606360e-02   0.0000000e+00   0.0000000e+00
   0.0000000e+00   0.0000000e+00   4.6580320e-02   0.0000000e+00   0.0000000e+00
   0.0000000e+00   0.0000000e+00   5.2077013e-02   0.0000000e+00   0.0000000e+00
   0.0000000e+00   0.0000000e+00   5.8138571e-02   0.0000000e+00   0.0000000e+00
   0.0000000e+00   0.0000000e+00   6.4815152e-02   0.0000000e+00   0.0000000e+00
   0.0000000e+00   0.0000000e+00   7.2155617e-02   0.0000000e+00   0.0000000e+00
   0.0000000e+00   0.0000000e+00   8.0212594e-02   0.0000000e+00   0.0000000e+00
   0.0000000e+00   0.0000000e+00   8.9044599e-02   0.0000000e+00   0.0000000e+00
   0.0000000e+00   0.0000000e+00   9.8709067e-02   0.0000000e+00   0.0000000e+00
   0.0000000e+00   0.0000000e+00   1.0926435e-01   0.0000000e+00   0.0000000e+00
   0.0000000e+00   0.0000000e+00   1.2077803e-01   0.0000000e+00   0.0000000e+00
   0.0000000e+00   0.0000000e+00   1.3331570e-01   0.0000000e+00   0.0000000e+00
   0.0000000e+00   0.0000000e+00   1.4694209e-01   0.0000000e+00   0.0000000e+00
   0.0000000e+00   0.0000000e+00   1.6173464e-01   0.0000000e+00   0.0000000e+00
   0.0000000e+00   0.0000000e+00   1.7776263e-01   0.0000000e+00   0.0000000e+00
   0.0000000e+00   0.0000000e+00   1.9510020e-01   0.0000000e+00   0.0000000e+00
   0.0000000e+00   0.0000000e+00   2.1382482e-01   0.0000000e+00   0.0000000e+00
   0.0000000e+00   0.0000000e+00   2.3401160e-01   0.0000000e+00   0.0000000e+00
   0.0000000e+00   0.0000000e+00   2.5574179e-01   0.0000000e+00   0.0000000e+00
   0.0000000e+00   0.0000000e+00   2.7909032e-01   0.0000000e+00   0.0000000e+00
   0.0000000e+00   0.0000000e+00   3.0413613e-01   0.0000000e+00   0.0000000e+00
   0.0000000e+00   0.0000000e+00   3.3095819e-01   0.0000000e+00   0.0000000e+00
   0.0000000e+00   9.3724903e-05   3.5963537e-01   0.0000000e+00   0.0000000e+00
   0.0000000e+00   3.2637076e-04   3.9023750e-01   0.0000000e+00   0.0000000e+00
   0.0000000e+00   7.8360525e-04   4.2284336e-01   0.0000000e+00   0.0000000e+00
   0.0000000e+00   1.7207920e-03   4.5751617e-01   0.0000000e+00   0.0000000e+00
   0.0000000e+00   3.5904536e-03   4.9433090e-01   0.0000000e+00   0.0000000e+00
   0.0000000e+00   7.2017280e-03   5.3334990e-01   0.0000000e+00   0.0000000e+00
   0.0000000e+00   1.3928355e-02   5.7462941e-01   0.0000000e+00   0.0000000e+00
   0.0000000e+00   2.6043128e-02   6.1822406e-01   0.0000000e+00   0.0000000e+00
   0.0000000e+00   4.7092756e-02   6.6418297e-01   0.0000000e+00   0.0000000e+00
   0.0000000e+00   8.2395705e-02   7.1254650e-01   0.0000000e+00   0.0000000e+00
   0.0000000e+00   1.3949557e-01   7.6334359e-01   0.0000000e+00   0.0000000e+00
   0.0000000e+00   2.2857417e-01   8.1660779e-01   0.0000000e+00   0.0000000e+00
   0.0000000e+00   3.6254567e-01   8.7235039e-01   0.0000000e+00   0.0000000e+00
   0.0000000e+00   5.5672545e-01   9.3058107e-01   0.0000000e+00   0.0000000e+00
   0.0000000e+00   8.2778752e-01   9.9129940e-01   0.0000000e+00   0.0000000e+00
   0.0000000e+00   1.1921072e+00   1.0544839e+00   0.0000000e+00   0.0000000e+00
   0.0000000e+00   1.6631569e+00   1.1201255e+00   0.0000000e+00   0.0000000e+00
   0.0000000e+00   2.2486233e+00   1.1881713e+00   0.0000000e+00   0.0000000e+00
   0.0000000e+00   2.9471487e+00   1.2585852e+00   0.0000000e+00   0.0000000e+00
   0.0000000e+00   3.7462632e+00   1.3313054e+00   0.0000000e+00   0.0000000e+00
   0.0000000e+00   4.6211108e+00   1.4062620e+00   0.0000000e+00   0.0000000e+00
   0.0000000e+00   5.5350171e+00   1.4833614e+00   0.0000000e+00   0.0000000e+00
   0.0000000e+00   6.4425052e+00   1.5625074e+00   0.0000000e+00   0.0000000e+00
   0.0000000e+00   7.2937648e+00   1.6436021e+00   0.0000000e+00   0.0000000e+00
   0.0000000e+00   8.0407244e+00   1.7264947e+00   0.0000000e+00   0.0000000e+00
   0.0000000e+00   8.6428186e+00   1.8110697e+00   0.0000000e+00   0.0000000e+00
   0.0000000e+00   9.0721624e+00   1.8971725e+00   0.0000000e+00   0.0000000e+00
   0.0000000e+00   9.3163318e+00   1.9846407e+00   0.0000000e+00   0.0000000e+00
   0.0000000e+00   9.3793601e+00   2.0732967e+00   0.0000000e+00   0.0000000e+00
   0.0000000e+00   9.2796688e+00   2.1629740e+00   0.0000000e+00   0.0000000e+00
   0.0000000e+00   9.0461880e+00   2.2534437e+00   0.0000000e+00   0.0000000e+00
   0.0000000e+00   8.7138805e+00   2.3445360e+00   0.0000000e+00   0.0000000e+00
   0.0000000e+00   8.3184101e+00   2.4360079e+00   0.0000000e+00   0.0000000e+00
   0.0000000e+00   7.8927251e+00   2.5276686e+00   0.0000000e+00   0.0000000e+00
   0.0000000e+00   7.4637488e+00   2.6192818e+00   0.0000000e+00   0.0000000e+00
   0.0000000e+00   7.0513303e+00   2.7105880e+00   0.0000000e+00   0.0000000e+00
   0.0000000e+00   6.6681810e+00   2.8013891e+00   0.0000000e+00   0.0000000e+00
   0.0000000e+00   6.3208197e+00   2.8914143e+00   0.0000000e+00   0.0000000e+00
   0.0000000e+00   6.0109775e+00   2.9804513e+00   0.0000000e+00   0.0000000e+00
   0.0000000e+00   5.7371319e+00   3.0682397e+00   0.0000000e+00   0.0000000e+00
   0.0000000e+00   5.4959037e+00   3.1545391e+00   0.0000000e+00   0.0000000e+00
   0.0000000e+00   5.2830965e+00   3.2391160e+00   0.0000000e+00   0.0000000e+00
   0.0000000e+00   5.0944530e+00   3.3217507e+00   0.0000000e+00   0.0000000e+00
   0.0000000e+00   4.9260689e+00   3.4021800e+00   0.0000000e+00   0.0000000e+00
   0.0000000e+00   4.7745680e+00   3.4802069e+00   0.0000000e+00   0.0000000e+00
   0.0000000e+00   4.6371757e+00   3.5556195e+00   0.0000000e+00   0.0000000e+00
   0.0000000e+00   4.5116418e+00   3.6282096e+00   0.0000000e+00   0.0000000e+00
   0.0000000e+00   4.3961724e+00   3.6977844e+00   0.0000000e+00   0.0000000e+00
   0.0000000e+00   4.2892766e+00   3.7641649e+00   0.0000000e+00   0.0000000e+00
   0.0000000e+00   4.1899214e+00   3.8271692e+00   0.0000000e+00   0.0000000e+00
   0.0000000e+00   4.0971537e+00   3.8866600e+00   0.0000000e+00   0.0000000e+00
   0.0000000e+00   4.0101892e+00   3.9425029e+00   0.0000000e+00   0.0000000e+00
   0.0000000e+00   3.9283941e+00   3.9945554e+00   0.0000000e+00   0.0000000e+00
   0.0000000e+00   3.8512375e+00   4.0427131e+00   0.0000000e+00   0.0000000e+00
   0.0000000e+00   3.7782680e+00   4.0868951e+00   0.0000000e+00   0.0000000e+00
   0.0000000e+00   3.7090972e+00   4.1270328e+00   0.0000000e+00   0.0000000e+00
   0.0000000e+00   3.6433882e+00   4.1630598e+00   0.0000000e+00   0.0000000e+00
   0.0000000e+00   3.5808466e+00   4.1949581e+00   0.0000000e+00   0.0000000e+00
   0.0000000e+00   3.5212133e+00   4.2226742e+00   0.0000000e+00   0.0000000e+00
   0.0000000e+00   3.4642593e+00   4.2462211e+00   0.0000000e+00   0.0000000e+00
   0.0000000e+00   3.4097808e+00   4.2656309e+00   0.0000000e+00   0.0000000e+00
   0.0000000e+00   3.3575960e+00   4.2809957e+00   0.0000000e+00   0.0000000e+00
   0.0000000e+00   3.3075417e+00   4.2921503e+00   0.0000000e+00   0.0000000e+00
   0.0000000e+00   3.2594710e+00   4.2993614e+00   0.0000000e+00   0.0000000e+00
   0.0000000e+00   3.2132514e+00   4.3026458e+00   0.0000000e+00   0.0000000e+00
   0.0000000e+00   3.1687626e+00   4.3021057e+00   0.0000000e+00   0.0000000e+00
   0.0000000e+00   3.1258953e+00   4.2978430e+00   0.0000000e+00   0.0000000e+00
   0.0000000e+00   3.0845498e+00   4.2899738e+00   0.0000000e+00   0.0000000e+00
   0.0000000e+00   3.0446351e+00   4.2786395e+00   0.0000000e+00   0.0000000e+00
   0.0000000e+00   3.0060678e+00   4.2639628e+00   0.0000000e+00   0.0000000e+00
   0.0000000e+00   2.9687711e+00   4.2461032e+00   0.0000000e+00   0.0000000e+00
   0.0000000e+00   2.9326746e+00   4.2252283e+00   0.0000000e+00   0.0000000e+00
   0.0000000e+00   2.8977131e+00   4.2014965e+00   0.0000000e+00   0.0000000e+00
   0.0000000e+00   2.8638266e+00   4.1750690e+00   0.0000000e+00   0.0000000e+00
   0.0000000e+00   2.8309594e+00   4.1461366e+00   0.0000000e+00   0.0000000e+00
   0.0000000e+00   2.7990597e+00   4.1148681e+00   0.0000000e+00   0.0000000e+00
   0.0000000e+00   2.7680796e+00   4.0814410e+00   0.0000000e+00   0.0000000e+00
   0.0000000e+00   2.7379745e+00   4.0460473e+00   0.0000000e+00   0.0000000e+00
   0.0000000e+00   2.7087026e+00   4.0088528e+00   0.0000000e+00   0.0000000e+00
   0.0000000e+00   2.6802252e+00   3.9700429e+00   0.0000000e+00   0.0000000e+00
   0.0000000e+00   2.6525058e+00   3.9298001e+00   0.0000000e+00   0.0000000e+00
   0.0000000e+00   2.6255105e+00   3.8882909e+00   0.0000000e+00   0.0000000e+00
   0.0000000e+00   2.5992075e+00   3.8456881e+00   0.0000000e+00   0.0000000e+00
   0.0000000e+00   2.5735667e+00   3.8021533e+00   0.0000000e+00   0.0000000e+00
   0.0000000e+00   2.5485601e+00   3.7578522e+00   0.0000000e+00   0.0000000e+00
   0.0000000e+00   2.5241612e+00   3.7129376e+00   0.0000000e+00   0.0000000e+00
   0.0000000e+00   2.5003452e+00   3.6675392e+00   0.0000000e+00   0.0000000e+00
   0.0000000e+00   2.4770885e+00   3.6218190e+00   0.0000000e+00   0.0000000e+00
   0.0000000e+00   2.4543691e+00   3.5758979e+00   0.0000000e+00   0.0000000e+00
   0.0000000e+00   2.4321660e+00   3.5299001e+00   0.0000000e+00   0.0000000e+00
   0.0000000e+00   2.4104594e+00   3.4839447e+00   0.0000000e+00   0.0000000e+00
   0.0000000e+00   2.3892306e+00   3.4381428e+00   0.0000000e+00   0.0000000e+00
   0.0000000e+00   2.3684618e+00   3.3925857e+00   0.0000000e+00   0.0000000e+00
   0.0000000e+00   2.3481364e+00   3.3473727e+00   0.0000000e+00   0.0000000e+00
   0.0000000e+00   2.3282382e+00   3.3025845e+00   0.0000000e+00   0.0000000e+00
   0.0000000e+00   2.3087522e+00   3.2582982e+00   0.0000000e+00   0.0000000e+00
   0.0000000e+00   2.2896640e+00   3.2145798e+00   0.0000000e+00   0.0000000e+00
   0.0000000e+00   2.2709598e+00   3.1714910e+00   0.0000000e+00   0.0000000e+00
   0.0000000e+00   2.2526267e+00   3.1290838e+00   0.0000000e+00   0.0000000e+00
   0.0000000e+00   2.2346522e+00   3.0874067e+00   0.0000000e+00   0.0000000e+00
   0.0000000e+00   2.2170245e+00   3.0464941e+00   0.0000000e+00   0.0000000e+00
   0.0000000e+00   2.1997324e+00   3.0063839e+00   0.0000000e+00   0.0000000e+00
   0.0000000e+00   2.1827650e+00   2.9670955e+00   0.0000000e+00   0.0000000e+00
   0.0000000e+00   2.1661121e+00   2.9286554e+00   0.0000000e+00   0.0000000e+00
   0.0000000e+00   2.1497638e+00   2.8910774e+00   0.0000000e+00   0.0000000e+00
   0.0000000e+00   2.1337107e+00   2.8543723e+00   0.0000000e+00   0.0000000e+00
   0.0000000e+00   2.1179440e+00   2.8185445e+00   0.0000000e+00   0.0000000e+00
   0.0000000e+00   2.1024549e+00   2.7835985e+00   0.0000000e+00   0.0000000e+00
   0.0000000e+00   2.0872351e+00   2.7495281e+00   0.0000000e+00   0.0000000e+00
   0.0000000e+00   2.0722769e+00   2.7163320e+00   0.0000000e+00   0.0000000e+00
   0.0000000e+00   2.0575727e+00   2.6840002e+00   0.0000000e+00   0.0000000e+00
   0.0000000e+00   2.0431151e+00   2.6525220e+00   0.0000000e+00   0.0000000e+00
   0.0000000e+00   2.0288972e+00   2.6218821e+00   0.0000000e+00   0.0000000e+00
   0.0000000e+00   2.0149124e+00   2.5920682e+00   0.0000000e+00   0.0000000e+00
   0.0000000e+00   2.0011540e+00   2.5630618e+00   0.0000000e+00   0.0000000e+00
   0.0000000e+00   1.9876161e+00   2.5348414e+00   0.0000000e+00   0.0000000e+00
   0.0000000e+00   1.9742926e+00   2.5073909e+00   0.0000000e+00   0.0000000e+00
   0.0000000e+00   1.9611779e+00   2.4806894e+00   0.0000000e+00   0.0000000e+00
   0.0000000e+00   1.9482663e+00   2.4547127e+00   0.0000000e+00   0.0000000e+00
   0.0000000e+00   1.9355526e+00   2.4294422e+00   0.0000000e+00   0.0000000e+00
   0.0000000e+00   1.9230318e+00   2.4048525e+00   0.0000000e+00   0.0000000e+00
   0.0000000e+00   1.9106988e+00   2.3809238e+00   0.0000000e+00   0.0000000e+00
   0.0000000e+00   1.8985489e+00   2.3576306e+00   0.0000000e+00   0.0000000e+00
   0.0000000e+00   1.8865776e+00   2.3349542e+00   0.0000000e+00   0.0000000e+00
   0.0000000e+00   1.8747804e+00   2.3128705e+00   0.0000000e+00   0.0000000e+00
   0.0000000e+00   1.8631531e+00   2.2913592e+00   0.0000000e+00   0.0000000e+00
   0.0000000e+00   1.8516915e+00   2.2703956e+00   0.0000000e+00   0.0000000e+00
   0.0000000e+00   1.8403917e+00   2.2499617e+00   0.0000000e+00   0.0000000e+00
   0.0000000e+00   1.8292499e+00   2.2300372e+00   0.0000000e+00   0.0000000e+00
   0.0000000e+00   1.8182622e+00   2.2106007e+00   0.0000000e+00   0.0000000e+00
   0.0000000e+00   1.8074252e+00   2.1916351e+00   0.0000000e+00   0.0000000e+00
   0.0000000e+00   1.7967354e+00   2.1731201e+00   0.0000000e+00   0.0000000e+00
   0.0000000e+00   1.7861893e+00   2.1550384e+00   0.0000000e+00   0.0000000e+00
   0.0000000e+00   1.7757838e+00   2.1373745e+00   0.0000000e+00   0.0000000e+00
   0.0000000e+00   1.7655157e+00   2.1201105e+00   0.0000000e+00   0.0000000e+00
   0.0000000e+00   1.7553820e+00   2.1032314e+00   0.0000000e+00   0.0000000e+00
   0.0000000e+00   1.7453797e+00   2.0867211e+00   0.0000000e+00   0.0000000e+00
   0.0000000e+00   1.7355058e+00   2.0705659e+00   0.0000000e+00   0.0000000e+00
   0.0000000e+00   1.7257578e+00   2.0547532e+00   0.0000000e+00   0.0000000e+00
   0.0000000e+00   1.7161328e+00   2.0392662e+00   0.0000000e+00   0.0000000e+00
   0.0000000e+00   1.7066283e+00   2.0240971e+00   0.0000000e+00   0.0000000e+00
   0.0000000e+00   1.6972417e+00   2.0092314e+00   0.0000000e+00   0.0000000e+00
   0.0000000e+00   1.6879706e+00   1.9946591e+00   0.0000000e+00   0.0000000e+00
   0.0000000e+00   1.6788126e+00   1.9803663e+00   0.0000000e+00   0.0000000e+00
   0.0000000e+00   1.6697653e+00   1.9663467e+00   0.0000000e+00   0.0000000e+00
   0.0000000e+00   1.6608266e+00   1.9525894e+00   0.0000000e+00   0.0000000e+00
   0.0000000e+00   1.6519942e+00   1.9390844e+00   0.0000000e+00   0.0000000e+00
   0.0000000e+00   1.6432661e+00   1.9258234e+00   0.0000000e+00   0.0000000e+00
   0.0000000e+00   1.6346401e+00   1.9127971e+00   0.0000000e+00   0.0000000e+00
   0.0000000e+00   1.6261143e+00   1.9000000e+00   0.0000000e+00   0.0000000e+00
   0.0000000e+00   1.6176866e+00   1.8874226e+00   0.0000000e+00   0.0000000e+00
   0.0000000e+00   1.6093553e+00   1.8750578e+00   0.0000000e+00   0.0000000e+00
   0.0000000e+00   1.6011185e+00   1.8628993e+00   0.0000000e+00   0.0000000e+00
   0.0000000e+00   1.5929744e+00   1.8509407e+00   0.0000000e+00   0.0000000e+00
   0.0000000e+00   1.5849211e+00   1.8391525e+00   0.0000000e+00   0.0000000e+00
   0.0000000e+00   1.5769572e+00   1.8275663e+00   0.0000000e+00   0.0000000e+00
   0.0000000e+00   1.5690808e+00   1.8161671e+00   0.0000000e+00   0.0000000e+00
   0.0000000e+00   1.5612903e+00   1.8049469e+00   0.0000000e+00   0.0000000e+00
   0.0000000e+00   1.5535843e+00   1.7938995e+00   0.0000000e+00   0.0000000e+00
   0.0000000e+00   1.5459611e+00   1.7830194e+00   0.0000000e+00   0.0000000e+00
   0.0000000e+00   1.5384193e+00   1.7723018e+00   0.0000000e+00   0.0000000e+00
   0.0000000e+00   1.5309575e+00   1.7617420e+00   0.0000000e+00   0.0000000e+00
   0.0000000e+00   1.5235741e+00   1.7513354e+00   0.0000000e+00   0.0000000e+00
   0.0000000e+00   1.5162679e+00   1.7410781e+00   0.0000000e+00   0.0000000e+00
   0.0000000e+00   1.5090375e+00   1.7309659e+00   0.0000000e+00   0.0000000e+00
   0.0000000e+00   1.5018815e+00   1.7209952e+00   0.0000000e+00   0.0000000e+00
   0.0000000e+00   1.4947988e+00   1.7111622e+00   0.0000000e+00   0.0000000e+00
   0.0000000e+00   1.4877879e+00   1.7014635e+00   0.0000000e+00   0.0000000e+00
   0.0000000e+00   1.4808478e+00   1.6918958e+00   0.0000000e+00   0.0000000e+00
   0.0000000e+00   1.4739773e+00   1.6824559e+00   0.0000000e+00   0.0000000e+00
   0.0000000e+00   1.4671751e+00   1.6731406e+00   0.0000000e+00   0.0000000e+00
   0.0000000e+00   1.4604402e+00   1.6639470e+00   0.0000000e+00   0.0000000e+00
   0.0000000e+00   1.4537714e+00   1.6548722e+00   0.0000000e+00   0.0000000e+00
   0.0000000e+00   1.4471676e+00   1.6459136e+00   0.0000000e+00   0.0000000e+00
   0.0000000e+00   1.4406279e+00   1.6370684e+00   0.0000000e+00   0.0000000e+00
   0.0000000e+00   1.4341511e+00   1.6283340e+00   0.0000000e+00   0.0000000e+00
   0.0000000e+00   1.4277362e+00   1.6197081e+00   0.0000000e+00   0.0000000e+00
   0.0000000e+00   1.4213824e+00   1.6111882e+00   0.0000000e+00   0.0000000e+00
   0.0000000e+00   1.4150885e+00   1.6027720e+00   0.0000000e+00   0.0000000e+00
   0.0000000e+00   1.4088537e+00   1.5944572e+00   0.0000000e+00   0.0000000e+00
   0.0000000e+00   1.4026770e+00   1.5862418e+00   0.0000000e+00   0.0000000e+00
   0.0000000e+00   1.3965576e+00   1.5781236e+00   0.0000000e+00   0.0000000e+00
   0.0000000e+00   1.3904945e+00   1.5701006e+00   0.0000000e+00   0.0000000e+00
   0.0000000e+00   1.3844869e+00   1.5621708e+00   0.0000000e+00   0.0000000e+00
   0.0000000e+00   1.3785340e+00   1.5543323e+00   0.0000000e+00   0.0000000e+00
   0.0000000e+00   1.3726349e+00   1.5465833e+00   0.0000000e+00   0.0000000e+00
   0.0000000e+00   1.3667888e+00   1.5389220e+00   0.0000000e+00   0.0000000e+00
   0.0000000e+00   1.3609949e+00   1.5313467e+00   0.0000000e+00   0.0000000e+00
   0.0000000e+00   1.3552525e+00   1.5238556e+00   0.0000000e+00   0.0000000e+00
   0.0000000e+00   1.3495608e+00   1.5164472e+00   0.0000000e+00   0.0000000e+00
   0.0000000e+00   1.3439191e+00   1.5091198e+00   0.0000000e+00   0.0000000e+00
   0.0000000e+00   1.3383265e+00   1.5018719e+00   0.0000000e+00   0.0000000e+00
   0.0000000e+00   1.3327825e+00   1.4947020e+00   0.0000000e+00   0.0000000e+00
   0.0000000e+00   1.3272863e+00   1.4876087e+00   0.0000000e+00   0.0000000e+00
   0.0000000e+00   1.3218373e+00   1.4805905e+00   0.0000000e+00   0.0000000e+00
   0.0000000e+00   1.3164347e+00   1.4736460e+00   0.0000000e+00   0.0000000e+00
   0.0000000e+00   1.3110779e+00   1.4667739e+00   0.0000000e+00   0.0000000e+00
   0.0000000e+00   1.3057663e+00   1.4599730e+00   0.0000000e+00   0.0000000e+00
   0.0000000e+00   1.3004992e+00   1.4532418e+00   0.0000000e+00   0.0000000e+00
   0.0000000e+00   1.2952761e+00   1.4465793e+00   0.0000000e+00   0.0000000e+00
   0.0000000e+00   1.2900963e+00   1.4399841e+00   0.0000000e+00   0.0000000e+00
   0.0000000e+00   1.2849592e+00   1.4334552e+00   0.0000000e+00   0.0000000e+00
   0.0000000e+00   1.2798642e+00   1.4269913e+00   0.0000000e+00   0.0000000e+00
   0.0000000e+00   1.2748108e+00   1.4205914e+00   0.0000000e+00   0.0000000e+00
   0.0000000e+00   1.2697984e+00   1.4142543e+00   0.0000000e+00   0.0000000e+00
   0.0000000e+00   1.2648265e+00   1.4079790e+00   0.0000000e+00   0.0000000e+00
   0.0000000e+00   1.2598945e+00   1.4017645e+00   0.0000000e+00   0.0000000e+00
   0.0000000e+00   1.2550019e+00   1.3956098e+00   0.0000000e+00   0.0000000e+00
   0.0000000e+00   1.2501482e+00   1.3895138e+00   0.0000000e+00   0.0000000e+00
   0.0000000e+00   1.2453328e+00   1.3834757e+00   0.0000000e+00   0.0000000e+00
   0.0000000e+00   1.2405553e+00   1.3774944e+00   0.0000000e+00   0.0000000e+00
   0.0000000e+00   1.2358152e+00   1.3715690e+00   0.0000000e+00   0.0000000e+00
   0.0000000e+00   1.2311120e+00   1.3656988e+00   0.0000000e+00   0.0000000e+00
   0.0000000e+00   1.2264452e+00   1.3598827e+00   0.0000000e+00   0.0000000e+00
   0.0000000e+00   1.2218143e+00   1.3541199e+00   0.0000000e+00   0.0000000e+00
   0.0000000e+00   1.2172190e+00   1.3484097e+00   0.0000000e+00   0.0000000e+00
   0.0000000e+00   1.2126587e+00   1.3427511e+00   0.0000000e+00   0.0000000e+00
   0.0000000e+00   1.2081331e+00   1.3371435e+00   0.0000000e+00   0.0000000e+00
   0.0000000e+00   1.2036416e+00   1.3315859e+00   0.0000000e+00   0.0000000e+00
   0.0000000e+00   1.1991839e+00   1.3260777e+00   0.0000000e+00   0.0000000e+00
   0.0000000e+00   1.1947595e+00   1.3206181e+00   0.0000000e+00   0.0000000e+00
   0.0000000e+00   1.1903681e+00   1.3152064e+00   0.0000000e+00   0.0000000e+00
   0.0000000e+00   1.1860092e+00   1.3098418e+00   0.0000000e+00   0.0000000e+00
   0.0000000e+00   1.1816824e+00   1.3045237e+00   0.0000000e+00   0.0000000e+00
   0.0000000e+00   1.1773874e+00   1.2992514e+00   0.0000000e+00   0.0000000e+00
   0.0000000e+00   1.1731237e+00   1.2940242e+00   0.0000000e+00   0.0000000e+00
   0.0000000e+00   1.1688911e+00   1.2888415e+00   0.0000000e+00   0.0000000e+00
   0.0000000e+00   1.1646891e+00   1.2837026e+00   0.0000000e+00   0.0000000e+00
   0.0000000e+00   1.1605173e+00   1.2786069e+00   0.0000000e+00   0.0000000e+00
   0.0000000e+00   1.1563754e+00   1.2735538e+00   0.0000000e+00   0.0000000e+00
   0.0000000e+00   1.1522631e+00   1.2685427e+00   0.0000000e+00   0.0000000e+00
   5.8689338e-05   1.1481800e+00   1.2635729e+00   0.0000000e+00   0.0000000e+00
   1.1090742e-04   1.1441258e+00   1.2586440e+00   0.0000000e+00   0.0000000e+00
   1.7591269e-04   1.1401001e+00   1.2537554e+00   0.0000000e+00   0.0000000e+00
   2.6128086e-04   1.1361026e+00   1.2489064e+00   0.0000000e+00   0.0000000e+00
   3.7954522e-04   1.1321330e+00   1.2440966e+00   0.0000000e+00   0.0000000e+00
   5.3760235e-04   1.1281909e+00   1.2393254e+00   0.0000000e+00   0.0000000e+00
   7.5020459e-04   1.1242761e+00   1.2345923e+00   0.0000000e+00   0.0000000e+00
   1.0373629e-03   1.1203883e+00   1.2298969e+00   0.0000000e+00   0.0000000e+00
   1.4202922e-03   1.1165271e+00   1.2252385e+00   0.0000000e+00   0.0000000e+00
   1.9313823e-03   1.1126922e+00   1.2206167e+00   0.0000000e+00   0.0000000e+00
   2.6050316e-03   1.1088834e+00   1.2160310e+00   0.0000000e+00   0.0000000e+00
   3.4934602e-03   1.1051004e+00   1.2114810e+00   0.0000000e+00   0.0000000e+00
   4.6507673e-03   1.1013429e+00   1.2069661e+00   0.0000000e+00   0.0000000e+00
   6.1579127e-03   1.0976105e+00   1.2024860e+00   0.0000000e+00   0.0000000e+00
   8.1024835e-03   1.0939031e+00   1.1980401e+00   0.0000000e+00   0.0000000e+00
   1.0596372e-02   1.0902203e+00   1.1936281e+00   0.0000000e+00   0.0000000e+00
   1.3781615e-02   1.0865619e+00   1.1892495e+00   0.0000000e+00   0.0000000e+00
   1.7818420e-02   1.0829277e+00   1.1849039e+00   0.0000000e+00   0.0000000e+00
   2.2902320e-02   1.0793173e+00   1.1805908e+00   0.0000000e+00   0.0000000e+00
   2.9273338e-02   1.0757305e+00   1.1763099e+00   0.0000000e+00   0.0000000e+00
   3.7199047e-02   1.0721671e+00   1.1720608e+00   0.0000000e+00   0.0000000e+00
   4.7000552e-02   1.0686268e+00   1.1678430e+00   0.0000000e+00   0.0000000e+00
   5.9048766e-02   1.0651094e+00   1.1636562e+00   0.0000000e+00   0.0000000e+00
   7.3761269e-02   1.0616146e+00   1.1595001e+00   0.0000000e+00   0.0000000e+00
   9.1620192e-02   1.0581423e+00   1.1553741e+00   0.0000000e+00   0.0000000e+00
   1.1315586e-01   1.0546920e+00   1.1512780e+00   0.0000000e+00   0.0000000e+00
   1.3896418e-01   1.0512637e+00   1.1472115e+00   0.0000000e+00   0.0000000e+00
   1.6968845e-01   1.0478572e+00   1.1431740e+00   0.0000000e+00   0.0000000e+00
   2.0604077e-01   1.0444721e+00   1.1391654e+00   0.0000000e+00   0.0000000e+00
   2.4876553e-01   1.0411082e+00   1.1351852e+00   0.0000000e+00   0.0000000e+00
   2.9866475e-01   1.0377654e+00   1.1312332e+00   0.0000000e+00   0.0000000e+00
   3.5655059e-01   1.0344435e+00   1.1273090e+00   0.0000000e+00   0.0000000e+00
   4.2326255e-01   1.0311422e+00   1.1234122e+00   0.0000000e+00   0.0000000e+00
   4.9964799e-01   1.0278613e+00   1.1195426e+00   0.0000000e+00   0.0000000e+00
   5.8652213e-01   1.0246006e+00   1.1156998e+00   0.0000000e+00   0.0000000e+00
   6.8465745e-01   1.0213599e+00   1.1118836e+00   0.0000000e+00   0.0000000e+00
   7.9478169e-01   1.0181391e+00   1.1080936e+00   0.0000000e+00   0.0000000e+00
   9.1748144e-01   1.0149378e+00   1.1043295e+00   0.0000000e+00   0.0000000e+00
   1.0533192e+00   1.0117560e+00   1.1005911e+00   0.0000000e+00   0.0000000e+00
   1.2025315e+00   1.0085934e+00   1.0968780e+00   0.0000000e+00   0.0000000e+00
   1.3653863e+00   1.0054499e+00   1.0931900e+00   0.0000000e+00   0.0000000e+00
   1.5418373e+00   1.0023252e+00   1.0895267e+00   0.0000000e+00   0.0000000e+00
   1.7316364e+00   9.9921927e-01   1.0858880e+00   0.0000000e+00   0.0000000e+00
   1.9342752e+00   9.9613179e-01   1.0822735e+00   0.0000000e+00   0.0000000e+00
   2.1490090e+00   9.9306264e-01   1.0786830e+00   0.0000000e+00   0.0000000e+00
   2.3748301e+00   9.9001164e-01   1.0751162e+00   0.0000000e+00   0.0000000e+00
   2.6104726e+00   9.8697861e-01   1.0715729e+00   0.0000000e+00   0.0000000e+00
   2.8543530e+00   9.8396339e-01   1.0680527e+00   0.0000000e+00   0.0000000e+00
   3.1047292e+00   9.8096581e-01   1.0645555e+00   0.0000000e+00   0.0000000e+00
   3.3595959e+00   9.7798570e-01   1.0610810e+00   0.0000000e+00   0.0000000e+00
   3.6167694e+00   9.7502289e-01   1.0576290e+00   0.0000000e+00   0.0000000e+00
   3.8739053e+00   9.7207723e-01   1.0541992e+00   0.0000000e+00   0.0000000e+00
   4.1285006e+00   9.6914856e-01   1.0507914e+00   0.0000000e+00   0.0000000e+00
   4.3780849e+00   9.6623672e-01   1.0474053e+00   0.0000000e+00   0.0000000e+00
   4.6201717e+00   9.6334156e-01   1.0440408e+00   0.0000000e+00   0.0000000e+00
   4.8522577e+00   9.6046291e-01   1.0406975e+00   0.0000000e+00   0.0000000e+00
   5.0719883e+00   9.5760064e-01   1.0373754e+00   0.0000000e+00   0.0000000e+00
   5.2771479e+00   9.5475459e-01   1.0340741e+00   0.0000000e+00   0.0000000e+00
   5.4657751e+00   9.5192461e-01   1.0307934e+00   0.0000000e+00   0.0000000e+00
   5.6361256e+00   9.4911055e-01   1.0275332e+00   0.0000000e+00   0.0000000e+00
   5.7867191e+00   9.4631229e-01   1.0242933e+00   0.0000000e+00   0.0000000e+00
   5.9164675e+00   9.4352966e-01   1.0210733e+00   0.0000000e+00   0.0000000e+00
   6.0245881e+00   9.4076254e-01   1.0178732e+00   0.0000000e+00   0.0000000e+00
   6.1105847e+00   9.3801078e-01   1.0146927e+00   0.0000000e+00   0.0000000e+00
   6.1743725e+00   9.3527425e-01   1.0115316e+00   0.0000000e+00   0.0000000e+00
   6.2162654e+00   9.3255281e-01   1.0083898e+00   0.0000000e+00   0.0000000e+00
   6.2368336e+00   9.2984633e-01   1.0052670e+00   0.0000000e+00   0.0000000e+00
   6.2369352e+00   9.2715468e-01   1.0021630e+00   0.0000000e+00   0.0000000e+00
   6.2177348e+00   9.2447773e-01   9.9907771e-01   0.0000000e+00   0.0000000e+00
   6.1805388e+00   9.2181535e-01   9.9601091e-01   0.0000000e+00   0.0000000e+00
   6.1269680e+00   9.1916742e-01   9.9296241e-01   0.0000000e+00   0.0000000e+00
   6.0587016e+00   9.1653380e-01   9.8993203e-01   0.0000000e+00   0.0000000e+00
   5.9774692e+00   9.1391438e-01   9.8691960e-01   0.0000000e+00   0.0000000e+00
   5.8851288e+00   9.1130903e-01   9.8392495e-01   0.0000000e+00   0.0000000e+00
   5.7835297e+00   9.0871764e-01   9.8094791e-01   0.0000000e+00   0.0000000e+00
   5.6744454e+00   9.0614008e-01   9.7798830e-01   0.0000000e+00   0.0000000e+00
   5.5596177e+00   9.0357623e-01   9.7504597e-01   0.0000000e+00   0.0000000e+00
   5.4406764e+00   9.0102599e-01   9.7212074e-01   0.0000000e+00   0.0000000e+00
   5.3191321e+00   8.9848923e-01   9.6921246e-01   0.0000000e+00   0.0000000e+00
   5.1963640e+00   8.9596584e-01   9.6632096e-01   0.0000000e+00   0.0000000e+00
   5.0735930e+00   8.9345571e-01   9.6344609e-01   0.0000000e+00   0.0000000e+00
   4.9518931e+00   8.9095873e-01   9.6058770e-01   0.0000000e+00   0.0000000e+00
   4.8321630e+00   8.8847478e-01   9.5774563e-01   0.0000000e+00   0.0000000e+00
   4.7151717e+00   8.8600377e-01   9.5491973e-01   0.0000000e+00   0.0000000e+00
   4.6015142e+00   8.8354558e-01   9.5210985e-01   0.0000000e+00   0.0000000e+00
   4.4916640e+00   8.8110011e-01   9.4931584e-01   0.0000000e+00   0.0000000e+00
   4.3859573e+00   8.7866726e-01   9.4653757e-01   0.0000000e+00   0.0000000e+00
   4.2846223e+00   8.7624691e-01   9.4377487e-01   0.0000000e+00   0.0000000e+00
   4.1877791e+00   8.7383897e-01   9.4102762e-01   0.0000000e+00   0.0000000e+00
   4.0954722e+00   8.7144334e-01   9.3829568e-01   0.0000000e+00   0.0000000e+00
   4.0076610e+00   8.6905992e-01   9.3557890e-01   0.0000000e+00   0.0000000e+00
   3.9242605e+00   8.6668861e-01   9.3287715e-01   0.0000000e+00   0.0000000e+00
   3.8451305e+00   8.6432930e-01   9.3019030e-01   0.0000000e+00   0.0000000e+00
   3.7701037e+00   8.6198192e-01   9.2751822e-01   0.0000000e+00   0.0000000e+00
   3.6989814e+00   8.5964635e-01   9.2486076e-01   0.0000000e+00   0.0000000e+00
   3.6315525e+00   8.5732251e-01   9.2221781e-01   1.7043788e-04   0.0000000e+00
   3.5676024e+00   8.5501030e-01   9.1958923e-01   3.9724931e-04   0.0000000e+00
   3.5069049e+00   8.5270963e-01   9.1697490e-01   8.0457710e-04   0.0000000e+00
   3.4492441e+00   8.5042041e-01   9.1437470e-01   1.5459867e-03   0.0000000e+00
   3.3944070e+00   8.4814254e-01   9.1178850e-01   2.8567863e-03   0.0000000e+00
   3.3421921e+00   8.4587595e-01   9.0921618e-01   5.1307014e-03   0.0000000e+00
   3.2924076e+00   8.4362054e-01   9.0665763e-01   8.9919376e-03   0.0000000e+00
   3.2448722e+00   8.4137623e-01   9.0411271e-01   1.5387264e-02   0.0000000e+00
   3.1994196e+00   8.3914292e-01   9.0158132e-01   2.5728719e-02   0.0000000e+00
   3.1558969e+00   8.3692054e-01   8.9906334e-01   4.2035556e-02   0.0000000e+00
   3.1141608e+00   8.3470899e-01   8.9655866e-01   6.7147722e-02   0.0000000e+00
   3.0740806e+00   8.3250820e-01   8.9406716e-01   1.0486614e-01   0.0000000e+00
   3.0355399e+00   8.3031809e-01   8.9158873e-01   1.6014455e-01   0.0000000e+00
   2.9984327e+00   8.2813856e-01   8.8912326e-01   2.3914194e-01   0.0000000e+00
   2.9626597e+00   8.2596955e-01   8.8667065e-01   3.4924528e-01   0.0000000e+00
   2.9281311e+00   8.2381097e-01   8.8423078e-01   4.9885626e-01   0.0000000e+00
   2.8947696e+00   8.2166274e-01   8.8180355e-01   6.9699196e-01   0.0000000e+00
   2.8625004e+00   8.1952478e-01   8.7938885e-01   9.5267508e-01   0.0000000e+00
   2.8312570e+00   8.1739702e-01   8.7698658e-01   1.2740522e+00   0.0000000e+00
   2.8009376e+00   8.1527938e-01   8.7459665e-01   1.6673473e+00   0.0000000e+00
   2.7715616e+00   8.1317178e-01   8.7221894e-01   2.1356914e+00   0.0000000e+00
   2.7430540e+00   8.1107415e-01   8.6985335e-01   2.6780642e+00   0.0000000e+00
   2.7153632e+00   8.0898642e-01   8.6749980e-01   3.2884565e+00   0.0000000e+00
   2.6884446e+00   8.0690851e-01   8.6515817e-01   3.9550276e+00   0.0000000e+00
   2.6622584e+00   8.0484035e-01   8.6282838e-01   4.6609050e+00   0.0000000e+00
   2.6367682e+00   8.0278187e-01   8.6051032e-01   5.3840659e+00   0.0000000e+00
   2.6119405e+00   8.0073299e-01   8.5820391e-01   6.0992306e+00   0.0000000e+00
   2.5877442e+00   7.9869365e-01   8.5590905e-01   6.7794425e+00   0.0000000e+00
   2.5641507e+00   7.9666377e-01   8.5362565e-01   7.3983079e+00   0.0000000e+00
   2.5411331e+00   7.9464329e-01   8.5135361e-01   7.9323416e+00   0.0000000e+00
   2.5186665e+00   7.9263214e-01   8.4909285e-01   8.3625854e+00   0.0000000e+00
   2.4967276e+00   7.9063026e-01   8.4684328e-01   8.6770396e+00   0.0000000e+00
   2.4752945e+00   7.8863756e-01   8.4460480e-01   8.8704108e+00   0.0000000e+00
   2.4543466e+00   7.8665400e-01   8.4237734e-01   8.9448833e+00   0.0000000e+00
   2.4338646e+00   7.8467950e-01   8.4016080e-01   8.9092522e+00   0.0000000e+00
   2.4138304e+00   7.8271399e-01   8.3795511e-01   8.7774880e+00   0.0000000e+00
   2.3942268e+00   7.8075743e-01   8.3576016e-01   8.5670307e+00   0.0000000e+00
   2.3750376e+00   7.7880973e-01   8.3357589e-01   8.2973172e+00   0.0000000e+00
   2.3562476e+00   7.7687084e-01   8.3140221e-01   7.9875479e+00   6.0514369e-05
   2.3378422e+00   7.7494069e-01   8.2923904e-01   7.6555647e+00   1.0955375e-04
   2.3198078e+00   7.7301923e-01   8.2708630e-01   7.3166824e+00   1.7213152e-04
   2.3021313e+00   7.7110639e-01   8.2494390e-01   6.9831059e+00   2.4738516e-04
   2.2848005e+00   7.6920212e-01   8.2281177e-01   6.6637973e+00   3.5074737e-04
   2.2678036e+00   7.6730634e-01   8.2068984e-01   6.3646440e+00   4.8773428e-04
   2.2511294e+00   7.6541901e-01   8.1857801e-01   6.0888569e+00   6.6843291e-04
   2.2347673e+00   7.6354007e-01   8.1647623e-01   5.8375182e+00   9.0653485e-04
   2.2187072e+00   7.6166945e-01   8.1438440e-01   5.6101612e+00   1.2199541e-03
   2.2029395e+00   7.5980709e-01   8.1230246e-01   5.4052860e+00   1.6289713e-03
   2.1874549e+00   7.5795296e-01   8.1023033e-01   5.2208282e+00   2.1590084e-03
   2.1722447e+00   7.5610697e-01   8.0816795e-01   5.0544857e+00   2.8458682e-03
   2.1573005e+00   7.5426909e-01   8.0611522e-01   4.9039657e+00   3.7307379e-03
   2.1426143e+00   7.5243925e-01   8.0407210e-01   4.7671287e+00   4.8647320e-03
   2.1281784e+00   7.5061739e-01   8.0203849e-01   4.6420726e+00   6.3099809e-03
   2.1139854e+00   7.4880348e-01   8.0001435e-01   4.5271540e+00   8.1417784e-03
   2.1000283e+00   7.4699744e-01   7.9799958e-01   4.4209785e+00   1.0454658e-02
   2.0863004e+00   7.4519924e-01   7.9599413e-01   4.3223936e+00   1.3349836e-02
   2.0727952e+00   7.4340880e-01   7.9399793e-01   4.2304326e+00   1.6968144e-02
   2.0595064e+00   7.4162609e-01   7.9201091e-01   4.1443012e+00   2.1457494e-02
   2.0464282e+00   7.3985105e-01   7.9003300e-01   4.0632683e+00   2.6999032e-02
   2.0335547e+00   7.3808364e-01   7.8806414e-01   3.9869201e+00   3.3802910e-02
   2.0208806e+00   7.3632379e-01   7.8610426e-01   3.9147256e+00   4.2113871e-02
   2.0084004e+00   7.3457145e-01   7.8415330e-01   3.8462796e+00   5.2208705e-02
   1.9961091e+00   7.3282659e-01   7.8221120e-01   3.7812395e+00   6.4407180e-02
   1.9840017e+00   7.3108915e-01   7.8027788e-01   3.7193100e+00   7.9065087e-02
   1.9720737e+00   7.2935908e-01   7.7835329e-01   3.6602337e+00   9.6583381e-02
   1.9603204e+00   7.2763632e-01   7.7643737e-01   3.6037839e+00   1.1740672e-01
   1.9487374e+00   7.2592085e-01   7.7453005e-01   3.5497602e+00   1.4201931e-01
   1.9373205e+00   7.2421260e-01   7.7263127e-01   3.4979839e+00   1.7095196e-01
   1.9260656e+00   7.2251152e-01   7.7074098e-01   3.4482954e+00   2.0477604e-01
   1.9149689e+00   7.2081758e-01   7.6885911e-01   3.4005510e+00   2.4409435e-01
   1.9040264e+00   7.1913073e-01   7.6698561e-01   3.3546211e+00   2.8954665e-01
   1.8932346e+00   7.1745091e-01   7.6512041e-01   3.3103885e+00   3.4179337e-01
   1.8825899e+00   7.1577809e-01   7.6326346e-01   3.2677466e+00   4.0151240e-01
   1.8720888e+00   7.1411222e-01   7.6141470e-01   3.2265983e+00   4.6938099e-01
   1.8617281e+00   7.1245326e-01   7.5957407e-01   3.1868547e+00   5.4606662e-01
   1.8515045e+00   7.1080115e-01   7.5774153e-01   3.1484347e+00   6.3222144e-01
   1.8414149e+00   7.0915586e-01   7.5591700e-01   3.1112635e+00   7.2844888e-01
   1.8314564e+00   7.0751735e-01   7.5410044e-01   3.0752723e+00   8.3529458e-01
   1.8216261e+00   7.0588556e-01   7.5229180e-01   3.0403978e+00   9.5323352e-01
   1.8119210e+00   7.0426046e-01   7.5049101e-01   3.0065814e+00   1.0826263e+00
   1.8023386e+00   7.0264201e-01   7.4869803e-01   2.9737686e+00   1.2237471e+00
   1.7928761e+00   7.0103016e-01   7.4691280e-01   2.9419091e+00   1.3767111e+00
   1.7835311e+00   6.9942487e-01   7.4513528e-01   2.9109562e+00   1.5415217e+00
   1.7743009e+00   6.9782610e-01   7.4336539e-01   2.8808661e+00   1.7179025e+00
   1.7651833e+00   6.9623381e-01   7.4160311e-01   2.8515982e+00   1.9055495e+00
   1.7561759e+00   6.9464796e-01   7.3984837e-01   2.8231145e+00   2.1038836e+00
   1.7472763e+00   6.9306851e-01   7.3810112e-01   2.7953796e+00   2.3121001e+00
   1.7384825e+00   6.9149542e-01   7.3636132e-01   2.7683601e+00   2.5292798e+00
   1.7297922e+00   6.8992865e-01   7.3462892e-01   2.7420249e+00   2.7542400e+00
   1.7212035e+00   6.8836815e-01   7.3290386e-01   2.7163447e+00   2.9856422e+00
   1.7127142e+00   6.8681390e-01   7.3118610e-01   2.6912919e+00   3.2219324e+00
   1.7043224e+00   6.8526585e-01   7.2947558e-01   2.6668407e+00   3.4614410e+00
   1.6960263e+00   6.8372397e-01   7.2777227e-01   2.6429666e+00   3.7023683e+00
   1.6878239e+00   6.8218821e-01   7.2607611e-01   2.6196466e+00   3.9427918e+00
   1.6797135e+00   6.8065855e-01   7.2438706e-01   2.5968591e+00   4.1807062e+00
   1.6716933e+00   6.7913493e-01   7.2270507e-01   2.5745834e+00   4.4141062e+00
   1.6637616e+00   6.7761734e-01   7.2103010e-01   2.5528001e+00   4.6409377e+00
   1.6559168e+00   6.7610572e-01   7.1936209e-01   2.5314909e+00   4.8592264e+00
   1.6481572e+00   6.7460004e-01   7.1770101e-01   2.5106383e+00   5.0670481e+00
   1.6404813e+00   6.7310027e-01   7.1604680e-01   2.4902258e+00   5.2626065e+00
   1.6328875e+00   6.7160638e-01   7.1439944e-01   2.4702377e+00   5.4442362e+00
   1.6253743e+00   6.7011832e-01   7.1275886e-01   2.4506590e+00   5.6104920e+00
   1.6179403e+00   6.6863606e-01   7.1112503e-01   2.4314756e+00   5.7600346e+00
   1.6105841e+00   6.6715956e-01   7.0949790e-01   2.4126741e+00   5.8919393e+00
   1.6033043e+00   6.6568880e-01   7.0787744e-01   2.3942415e+00   6.0053659e+00
   1.5960996e+00   6.6422374e-01   7.0626359e-01   2.3761656e+00   6.0997840e+00
   1.5889686e+00   6.6276434e-01   7.0465632e-01   2.3584348e+00   6.1749857e+00
   1.5819101e+00   6.6131058e-01   7.0305559e-01   2.3410380e+00   6.2309005e+00
   1.5749228e+00   6.5986240e-01   7.0146135e-01   2.3239644e+00   6.2678511e+00
   1.5680054e+00   6.5841980e-01   6.9987356e-01   2.3072040e+00   6.2863303e+00
   1.5611569e+00   6.5698272e-01   6.9829218e-01   2.2907471e+00   6.2870019e+00
   1.5543761e+00   6.5555115e-01   6.9671718e-01   2.2745843e+00   6.2708666e+00
   1.5476617e+00   6.5412504e-01   6.9514851e-01   2.2587067e+00   6.2389018e+00
   1.5410128e+00   6.5270436e-01   6.9358614e-01   2.2431059e+00   6.1924252e+00
   1.5344283e+00   6.5128909e-01   6.9203001e-01   2.2277737e+00   6.1327736e+00
   1.5279070e+00   6.4987919e-01   6.9048011e-01   2.2127024e+00   6.0612985e+00
   1.5214480e+00   6.4847463e-01   6.8893637e-01   2.1978842e+00   5.9795343e+00
   1.5150502e+00   6.4707539e-01   6.8739878e-01   2.1833122e+00   5.8889124e+00
   1.5087127e+00   6.4568142e-01   6.8586729e-01   2.1689794e+00   5.7909405e+00
   1.5024346e+00   6.4429269e-01   6.8434186e-01   2.1548791e+00   5.6870167e+00
   1.4962148e+00   6.4290919e-01   6.8282246e-01   2.1410050e+00   5.5785356e+00
   1.4900525e+00   6.4153087e-01   6.8130904e-01   2.1273509e+00   5.4667843e+00
   1.4839467e+00   6.4015772e-01   6.7980158e-01   2.1139110e+00   5.3529606e+00
   1.4778967e+00   6.3878969e-01   6.7830004e-01   2.1006795e+00   5.2381649e+00
   1.4719014e+00   6.3742676e-01   6.7680438e-01   2.0876510e+00   5.1233697e+00
   1.4659602e+00   6.3606891e-01   6.7531456e-01   2.0748202e+00   5.0094500e+00
   1.4600722e+00   6.3471609e-01   6.7383055e-01   2.0621821e+00   4.8971494e+00
   1.4542365e+00   6.3336829e-01   6.7235231e-01   2.0497318e+00   4.7870971e+00
   1.4484524e+00   6.3202548e-01   6.7087982e-01   2.0374645e+00   4.6798077e+00
   1.4427191e+00   6.3068762e-01   6.6941303e-01   2.0253757e+00   4.5756937e+00
   1.4370359e+00   6.2935469e-01   6.6795191e-01   2.0134610e+00   4.4750685e+00
   1.4314020e+00   6.2802666e-01   6.6649643e-01   2.0017162e+00   4.3781550e+00
   1.4258168e+00   6.2670351e-01   6.6504656e-01   1.9901372e+00   4.2850880e+00
   1.4202794e+00   6.2538520e-01   6.6360225e-01   1.9787200e+00   4.1959473e+00
   1.4147893e+00   6.2407171e-01   6.6216349e-01   1.9674608e+00   4.1107372e+00
   1.4093457e+00   6.2276302e-01   6.6073023e-01   1.9563559e+00   4.0294232e+00
   1.4039480e+00   6.2145909e-01   6.5930244e-01   1.9454018e+00   3.9519222e+00
   1.3985955e+00   6.2015991e-01   6.5788009e-01   1.9345949e+00   3.8781183e+00
   1.3932876e+00   6.1886543e-01   6.5646315e-01   1.9239319e+00   3.8078744e+00
   1.3880236e+00   6.1757565e-01   6.5505159e-01   1.9134096e+00   3.7410324e+00
   1.3828030e+00   6.1629052e-01   6.5364537e-01   1.9030249e+00   3.6774241e+00
   1.3776252e+00   6.1501004e-01   6.5224447e-01   1.8927747e+00   3.6168747e+00
   1.3724895e+00   6.1373416e-01   6.5084885e-01   1.8826561e+00   3.5592050e+00
   1.3673954e+00   6.1246287e-01   6.4945848e-01   1.8726662e+00   3.5042348e+00
   1.3623423e+00   6.1119614e-01   6.4807334e-01   1.8628022e+00   3.4517947e+00
   1.3573297e+00   6.0993395e-01   6.4669339e-01   1.8530615e+00   3.4017173e+00
   1.3523570e+00   6.0867626e-01   6.4531860e-01   1.8434414e+00   3.3538416e+00
   1.3474237e+00   6.0742307e-01   6.4394894e-01   1.8339396e+00   3.3080184e+00
   1.3425293e+00   6.0617433e-01   6.4258439e-01   1.8245533e+00   3.2641047e+00
   1.3376733e+00   6.0493004e-01   6.4122491e-01   1.8152805e+00   3.2219705e+00
   1.3328550e+00   6.0369016e-01   6.3987048e-01   1.8061186e+00   3.1814903e+00
   1.3280742e+00   6.0245467e-01   6.3852106e-01   1.7970654e+00   3.1425528e+00
   1.3233302e+00   6.0122355e-01   6.3717663e-01   1.7881189e+00   3.1050517e+00
   1.3186226e+00   5.9999677e-01   6.3583716e-01   1.7792768e+00   3.0688971e+00
   1.3139509e+00   5.9877431e-01   6.3450263e-01   1.7705371e+00   3.0339951e+00
   1.3093147e+00   5.9755615e-01   6.3317299e-01   1.7618977e+00   3.0002700e+00
   1.3047136e+00   5.9634226e-01   6.3184824e-01   1.7533569e+00   2.9676488e+00
   1.3001470e+00   5.9513263e-01   6.3052833e-01   1.7449126e+00   2.9360620e+00
   1.2956145e+00   5.9392722e-01   6.2921324e-01   1.7365630e+00   2.9054503e+00
   1.2911158e+00   5.9272603e-01   6.2790295e-01   1.7283064e+00   2.8757546e+00
   1.2866503e+00   5.9152901e-01   6.2659743e-01   1.7201409e+00   2.8469106e+00
   1.2822178e+00   5.9033616e-01   6.2529664e-01   1.7120649e+00   2.8188774e+00
   1.2778177e+00   5.8914746e-01   6.2400058e-01   1.7040767e+00   2.7916435e+00
   1.2734497e+00   5.8796287e-01   6.2270920e-01   1.6961747e+00   2.7651528e+00
   1.2691134e+00   5.8678237e-01   6.2142248e-01   1.6883574e+00   2.7393650e+00
   1.2648084e+00   5.8560596e-01   6.2014041e-01   1.6806232e+00   2.7142449e+00
   1.2605343e+00   5.8443360e-01   6.1886294e-01   1.6729706e+00   2.6897604e+00
   1.2562908e+00   5.8326527e-01   6.1759006e-01   1.6653982e+00   2.6658820e+00
   1.2520775e+00   5.8210095e-01   6.1632174e-01   1.6579046e+00   2.6425825e+00
   1.2478940e+00   5.8094063e-01   6.1505796e-01   1.6504883e+00   2.6198366e+00
   1.2437400e+00   5.7978428e-01   6.1379869e-01   1.6431480e+00   2.5976207e+00
   1.2396152e+00   5.7863188e-01   6.1254391e-01   1.6358825e+00   2.5759127e+00
   1.2355191e+00   5.7748341e-01   6.1129359e-01   1.6286904e+00   2.5546920e+00
   1.2314515e+00   5.7633885e-01   6.1004770e-01   1.6215705e+00   2.5339390e+00
   1.2274121e+00   5.7519818e-01   6.0880624e-01   1.6145215e+00   2.5136357e+00
   1.2234004e+00   5.7406138e-01   6.0756916e-01   1.6075424e+00   2.4937647e+00
   1.2194163e+00   5.7292843e-01   6.0633645e-01   1.6006318e+00   2.4743100e+00
   1.2154593e+00   5.7179932e-01   6.0510808e-01   1.5937887e+00   2.4552560e+00
   1.2115292e+00   5.7067401e-01   6.0388404e-01   1.5870119e+00   2.4365884e+00
   1.2076257e+00   5.6955250e-01   6.0266429e-01   1.5803005e+00   2.4182934e+00
   1.2037484e+00   5.6843475e-01   6.0144881e-01   1.5736532e+00   2.4003580e+00
   1.1998971e+00   5.6732077e-01   6.0023759e-01   1.5670692e+00   2.3827699e+00
   1.1960715e+00   5.6621051e-01   5.9903059e-01   1.5605473e+00   2.3655173e+00
   1.1922713e+00   5.6510398e-01   5.9782780e-01   1.5540866e+00   2.3485890e+00
   1.1884962e+00   5.6400114e-01   5.9662919e-01   1.5476862e+00   2.3319745e+00
   1.1847459e+00   5.6290198e-01   5.9543475e-01   1.5413450e+00   2.3156636e+00
   1.1810203e+00   5.6180647e-01   5.9424445e-01   1.5350621e+00   2.2996467e+00
   1.1773189e+00   5.6071461e-01   5.9305826e-01   1.5288367e+00   2.2839146e+00
   1.1736416e+00   5.5962638e-01   5.9187617e-01   1.5226679e+00   2.2684585e+00
   1.1699880e+00   5.5854175e-01   5.9069815e-01   1.5165548e+00   2.2532700e+00
   1.1663580e+00   5.5746070e-01   5.8952419e-01   1.5104966e+00   2.2383411e+00
   1.1627513e+00   5.5638323e-01   5.8835426e-01   1.5044923e+00   2.2236640e+00
   1.1591676e+00   5.5530931e-01   5.8718834e-01   1.4985413e+00   2.2092316e+00
   1.1556067e+00   5.5423892e-01   5.8602642e-01   1.4926428e+00   2.1950366e+00
   1.1520683e+00   5.5317205e-01   5.8486846e-01   1.4867959e+00   2.1810725e+00
   1.1485523e+00   5.5210868e-01   5.8371445e-01   1.4809998e+00   2.1673326e+00
   1.1450583e+00   5.5104880e-01   5.8256437e-01   1.4752539e+00   2.1538107e+00
   1.1415862e+00   5.4999237e-01   5.8141820e-01   1.4695575e+00   2.1405010e+00
   1.1381357e+00   5.4893940e-01   5.8027592e-01   1.4639097e+00   2.1273976e+00
   1.1347066e+00   5.4788986e-01   5.7913750e-01   1.4583100e+00   2.1144951e+00
   1.1312986e+00   5.4684373e-01   5.7800293e-01   1.4527576e+00   2.1017881e+00
   1.1279117e+00   5.4580100e-01   5.7687220e-01   1.4472518e+00   2.0892716e+00
   1.1245455e+00   5.4476165e-01   5.7574527e-01   1.4417921e+00   2.0769406e+00
   1.1211998e+00   5.4372567e-01   5.7462213e-01   1.4363776e+00   2.0647905e+00
   1.1178745e+00   5.4269304e-01   5.7350276e-01   1.4310079e+00   2.0528166e+00
   1.1145693e+00   5.4166373e-01   5.7238715e-01   1.4256823e+00   2.0410145e+00
   1.1112840e+00   5.4063775e-01   5.7127526e-01   1.4204002e+00   2.0293801e+00
   1.1080185e+00   5.3961507e-01   5.7016709e-01   1.4151610e+00   2.0179092e+00
   1.1047724e+00   5.3859567e-01   5.6906261e-01   1.4099641e+00   2.0065979e+00
   1.1015458e+00   5.3757953e-01   5.6796181e-01   1.4048090e+00   1.9954423e+00
   1.0983383e+00   5.3656666e-01   5.6686467e-01   1.3996950e+00   1.9844389e+00
   1.0951497e+00   5.3555702e-01   5.6577117e-01   1.3946216e+00   1.9735840e+00
   1.0919800e+00   5.3455060e-01   5.6468129e-01   1.3895884e+00   1.9628743e+00
   1.0888288e+00   5.3354739e-01   5.6359501e-01   1.3845947e+00   1.9523063e+00
   1.0856961e+00   5.3254737e-01   5.6251231e-01   1.3796400e+00   1.9418769e+00
   1.0825816e+00   5.3155052e-01   5.6143319e-01   1.3747239e+00   1.9315829e+00
   1.0794851e+00   5.3055684e-01   5.6035761e-01   1.3698457e+00   1.9214214e+00
   1.0764066e+00   5.2956630e-01   5.5928556e-01   1.3650052e+00   1.9113894e+00
   1.0733458e+00   5.2857890e-01   5.5821703e-01   1.3602016e+00   1.9014842e+00
   1.0703025e+00   5.2759461e-01   5.5715200e-01   1.3554347e+00   1.8917028e+00
   1.0672766e+00   5.2661342e-01   5.5609044e-01   1.3507038e+00   1.8820429e+00
   1.0642680e+00   5.2563533e-01   5.5503235e-01   1.3460086e+00   1.8725016e+00
   1.0612764e+00   5.2466030e-01   5.5397770e-01   1.3413487e+00   1.8630766e+00
   1.0583017e+00   5.2368833e-01   5.5292648e-01   1.3367234e+00   1.8537654e+00
   1.0553438e+00   5.2271941e-01   5.5187868e-01   1.3321325e+00   1.8445657e+00
   1.0524025e+00   5.2175351e-01   5.5083426e-01   1.3275756e+00   1.8354753e+00
   1.0494776e+00   5.2079064e-01   5.4979323e-01   1.3230521e+00   1.8264917e+00
   1.0465690e+00   5.1983076e-01   5.4875556e-01   1.3185616e+00   1.8176131e+00
   1.0436766e+00   5.1887387e-01   5.4772124e-01   1.3141039e+00   1.8088372e+00
   1.0408001e+00   5.1791996e-01   5.4669024e-01   1.3096784e+00   1.8001620e+00
   1.0379395e+00   5.1696900e-01   5.4566256e-01   1.3052848e+00   1.7915855e+00
   1.0350946e+00   5.1602100e-01   5.4463817e-01   1.3009227e+00   1.7831059e+00
   1.0322653e+00   5.1507592e-01   5.4361707e-01   1.2965917e+00   1.7747213e+00
   1.0294514e+00   5.1413377e-01   5.4259923e-01   1.2922915e+00   1.7664298e+00
   1.0266528e+00   5.1319452e-01   5.4158464e-01   1.2880217e+00   1.7582297e+00
   1.0238693e+00   5.1225816e-01   5.4057329e-01   1.2837819e+00   1.7501193e+00
   1.0211009e+00   5.1132468e-01   5.3956516e-01   1.2795718e+00   1.7420969e+00
   1.0183474e+00   5.1039407e-01   5.3856022e-01   1.2753910e+00   1.7341609e+00
   1.0156086e+00   5.0946631e-01   5.3755848e-01   1.2712393e+00   1.7263097e+00
   1.0128844e+00   5.0854140e-01   5.3655991e-01   1.2671162e+00   1.7185417e+00
   1.0101747e+00   5.0761930e-01   5.3556450e-01   1.2630214e+00   1.7108555e+00
   1.0074794e+00   5.0670003e-01   5.3457223e-01   1.2589546e+00   1.7032496e+00
   1.0047984e+00   5.0578355e-01   5.3358309e-01   1.2549155e+00   1.6957225e+00
   1.0021315e+00   5.0486987e-01   5.3259706e-01   1.2509038e+00   1.6882729e+00
   9.9947855e-01   5.0395896e-01   5.3161414e-01   1.2469191e+00   1.6808995e+00
   9.9683951e-01   5.0305081e-01   5.3063429e-01   1.2429612e+00   1.6736008e+00
   9.9421424e-01   5.0214542e-01   5.2965752e-01   1.2390298e+00   1.6663756e+00
   9.9160262e-01   5.0124276e-01   5.2868380e-01   1.2351246e+00   1.6592227e+00
   9.8900453e-01   5.0034284e-01   5.2771312e-01   1.2312452e+00   1.6521408e+00
   9.8641986e-01   4.9944562e-01   5.2674547e-01   1.2273914e+00   1.6451287e+00
   9.8384850e-01   4.9855111e-01   5.2578083e-01   1.2235629e+00   1.6381853e+00
   9.8129032e-01   4.9765929e-01   5.2481918e-01   1.2197595e+00   1.6313094e+00
   9.7874523e-01   4.9677014e-01   5.2386053e-01   1.2159808e+00   1.6244999e+00
   9.7621312e-01   4.9588367e-01   5.2290484e-01   1.2122267e+00   1.6177557e+00
   9.7369387e-01   4.9499984e-01   5.2195211e-01   1.2084967e+00   1.6110757e+00
   9.7118738e-01   4.9411866e-01   5.2100232e-01   1.2047908e+00   1.6044590e+00
   9.6869354e-01   4.9324012e-01   5.2005547e-01   1.2011085e+00   1.5979044e+00
   9.6621226e-01   4.9236419e-01   5.1911153e-01   1.1974498e+00   1.5914111e+00
   9.6374343e-01   4.9149086e-01   5.1817049e-01   1.1938142e+00   1.5849780e+00
   9.6128694e-01   4.9062014e-01   5.1723234e-01   1.1902016e+00   1.5786042e+00
   9.5884269e-01   4.8975200e-01   5.1629707e-01   1.1866118e+00   1.5722887e+00
   9.5641060e-01   4.8888643e-01   5.1536465e-01   1.1830445e+00   1.5660307e+00
   9.5399055e-01   4.8802342e-01   5.1443509e-01   1.1794994e+00   1.5598293e+00
   9.5158246e-01   4.8716297e-01   5.1350837e-01   1.1759763e+00   1.5536836e+00
   9.4918622e-01   4.8630506e-01   5.1258447e-01   1.1724751e+00   1.5475927e+00
   9.4680174e-01   4.8544967e-01   5.1166338e-01   1.1689955e+00   1.5415559e+00
   9.4442893e-01   4.8459680e-01   5.1074509e-01   1.1655372e+00   1.5355723e+00
   9.4206770e-01   4.8374644e-01   5.0982959e-01   1.1621000e+00   1.5296411e+00
   9.3971795e-01   4.8289857e-01   5.0891685e-01   1.1586838e+00   1.5237616e+00
   9.3737959e-01   4.8205319e-01   5.0800688e-01   1.1552883e+00   1.5179330e+00
   9.3505253e-01   4.8121029e-01   5.0709966e-01   1.1519134e+00   1.5121545e+00
   9.3273670e-01   4.8036984e-01   5.0619517e-01   1.1485587e+00   1.5064254e+00
   9.3043198e-01   4.7953185e-01   5.0529340e-01   1.1452242e+00   1.5007450e+00
   9.2813831e-01   4.7869631e-01   5.0439435e-01   1.1419095e+00   1.4951126e+00
   9.2585560e-01   4.7786319e-01   5.0349799e-01   1.1386146e+00   1.4895276e+00
   9.2358375e-01   4.7703250e-01   5.0260432e-01   1.1353392e+00   1.4839892e+00
   9.2132269e-01   4.7620421e-01   5.0171333e-01   1.1320831e+00   1.4784967e+00
   9.1907234e-01   4.7537833e-01   5.0082500e-01   1.1288461e+00   1.4730496e+00
   9.1683261e-01   4.7455484e-01   4.9993932e-01   1.1256281e+00   1.4676473e+00
   9.1460342e-01   4.7373372e-01   4.9905628e-01   1.1224289e+00   1.4622890e+00
   9.1238468e-01   4.7291498e-01   4.9817587e-01   1.1192483e+00   1.4569742e+00
   9.1017634e-01   4.7209860e-01   4.9729807e-01   1.1160861e+00   1.4517023e+00
   9.0797829e-01   4.7128457e-01   4.9642288e-01   1.1129421e+00   1.4464727e+00
   9.0579047e-01   4.7047287e-01   4.9555028e-01   1.1098162e+00   1.4412848e+00
   9.0361280e-01   4.6966351e-01   4.9468026e-01   1.1067081e+00   1.4361381e+00
   9.0144520e-01   4.6885647e-01   4.9381281e-01   1.1036178e+00   1.4310320e+00
   8.9928759e-01   4.6805174e-01   4.9294792e-01   1.1005451e+00   1.4259661e+00
   8.9713991e-01   4.6724930e-01   4.9208558e-01   1.0974897e+00   1.4209396e+00
   8.9500208e-01   4.6644916e-01   4.9122578e-01   1.0944516e+00   1.4159522e+00
   8.9287403e-01   4.6565130e-01   4.9036850e-01   1.0914305e+00   1.4110033e+00
   8.9075568e-01   4.6485572e-01   4.8951373e-01   1.0884264e+00   1.4060924e+00
   8.8864696e-01   4.6406239e-01   4.8866147e-01   1.0854390e+00   1.4012191e+00
   8.8654781e-01   4.6327132e-01   4.8781170e-01   1.0824682e+00   1.3963828e+00
   8.8445815e-01   4.6248249e-01   4.8696441e-01   1.0795139e+00   1.3915831e+00
   8.8237791e-01   4.6169589e-01   4.8611960e-01   1.0765759e+00   1.3868195e+00
   8.8030703e-01   4.6091152e-01   4.8527724e-01   1.0736540e+00   1.3820915e+00
   8.7824544e-01   4.6012936e-01   4.8443733e-01   1.0707482e+00   1.3773988e+00
   8.7619307e-01   4.5934942e-01   4.8359986e-01   1.0678582e+00   1.3727408e+00
   8.7414985e-01   4.5857166e-01   4.8276482e-01   1.0649839e+00   1.3681171e+00
   8.7211572e-01   4.5779610e-01   4.8193220e-01   1.0621252e+00   1.3635273e+00
   8.7009061e-01   4.5702271e-01   4.8110199e-01   1.0592819e+00   1.3589711e+00
   8.6807446e-01   4.5625150e-01   4.8027417e-01   1.0564540e+00   1.3544479e+00
   8.6606721e-01   4.5548244e-01   4.7944874e-01   1.0536412e+00   1.3499573e+00
   8.6406879e-01   4.5471554e-01   4.7862569e-01   1.0508435e+00   1.3454991e+00
   8.6207914e-01   4.5395078e-01   4.7780501e-01   1.0480606e+00   1.3410727e+00
   8.6009820e-01   4.5318815e-01   4.7698668e-01   1.0452926e+00   1.3366779e+00
   8.5812591e-01   4.5242765e-01   4.7617070e-01   1.0425392e+00   1.3323141e+00
   8.5616221e-01   4.5166927e-01   4.7535705e-01   1.0398003e+00   1.3279812e+00
   8.5420703e-01   4.5091299e-01   4.7454573e-01   1.0370758e+00   1.3236786e+00
   8.5226031e-01   4.5015882e-01   4.7373673e-01   1.0343656e+00   1.3194061e+00
   8.5032201e-01   4.4940673e-01   4.7293004e-01   1.0316695e+00   1.3151632e+00
   8.4839206e-01   4.4865673e-01   4.7212564e-01   1.0289875e+00   1.3109497e+00
   8.4647040e-01   4.4790880e-01   4.7132353e-01   1.0263193e+00   1.3067652e+00
   8.4455697e-01   4.4716294e-01   4.7052370e-01   1.0236650e+00   1.3026094e+00
   8.4265173e-01   4.4641914e-01   4.6972614e-01   1.0210243e+00   1.2984819e+00
   8.4075461e-01   4.4567738e-01   4.6893084e-01   1.0183972e+00   1.2943824e+00
   8.3886555e-01   4.4493767e-01   4.6813779e-01   1.0157835e+00   1.2903107e+00
   8.3698451e-01   4.4419998e-01   4.6734697e-01   1.0131832e+00   1.2862663e+00
   8.3511143e-01   4.4346433e-01   4.6655839e-01   1.0105961e+00   1.2822489e+00
   8.3324625e-01   4.4273068e-01   4.6577203e-01   1.0080221e+00   1.2782584e+00
   8.3138893e-01   4.4199905e-01   4.6498788e-01   1.0054611e+00   1.2742943e+00
   8.2953940e-01   4.4126942e-01   4.6420594e-01   1.0029130e+00   1.2703564e+00
   8.2769762e-01   4.4054178e-01   4.6342618e-01   1.0003777e+00   1.2664445e+00
   8.2586353e-01   4.3981612e-01   4.6264862e-01   9.9785503e-01   1.2625581e+00
   8.2403709e-01   4.3909244e-01   4.6187323e-01   9.9534499e-01   1.2586970e+00
   8.2221824e-01   4.3837072e-01   4.6110000e-01   9.9284742e-01   1.2548610e+00
   8.2040693e-01   4.3765097e-01   4.6032894e-01   9.9036223e-01   1.2510498e+00
   8.1860311e-01   4.3693317e-01   4.5956002e-01   9.8788932e-01   1.2472631e+00
   8.1680674e-01   4.3621732e-01   4.5879325e-01   9.8542859e-01   1.2435006e+00
   8.1501776e-01   4.3550340e-01   4.5802860e-01   9.8297994e-01   1.2397621e+00
   8.1323612e-01   4.3479141e-01   4.5726608e-01   9.8054327e-01   1.2360474e+00
   8.1146178e-01   4.3408134e-01   4.5650567e-01   9.7811850e-01   1.2323562e+00
   8.0969470e-01   4.3337319e-01   4.5574737e-01   9.7570552e-01   1.2286882e+00
   8.0793481e-01   4.3266695e-01   4.5499116e-01   9.7330424e-01   1.2250432e+00
   8.0618208e-01   4.3196260e-01   4.5423705e-01   9.7091457e-01   1.2214209e+00
   8.0443646e-01   4.3126014e-01   4.5348501e-01   9.6853642e-01   1.2178212e+00
   8.0269790e-01   4.3055957e-01   4.5273504e-01   9.6616970e-01   1.2142437e+00
   8.0096636e-01   4.2986088e-01   4.5198714e-01   9.6381431e-01   1.2106883e+00
   7.9924179e-01   4.2916406e-01   4.5124129e-01   9.6147018e-01   1.2071547e+00
   7.9752415e-01   4.2846910e-01   4.5049749e-01   9.5913721e-01   1.2036428e+00
   7.9581339e-01   4.2777599e-01   4.4975572e-01   9.5681532e-01   1.2001522e+00
   7.9410948e-01   4.2708473e-01   4.4901599e-01   9.5450441e-01   1.1966828e+00
   7.9241236e-01   4.2639531e-01   4.4827827e-01   9.5220442e-01   1.1932343e+00
   7.9072199e-01   4.2570773e-01   4.4754257e-01   9.4991525e-01   1.1898066e+00
   7.8903834e-01   4.2502197e-01   4.4680888e-01   9.4763682e-01   1.1863994e+00
   7.8736135e-01   4.2433803e-01   4.4607718e-01   9.4536905e-01   1.1830126e+00
   7.8569099e-01   4.2365591e-01   4.4534747e-01   9.4311185e-01   1.1796459e+00
   7.8402722e-01   4.2297558e-01   4.4461975e-01   9.4086516e-01   1.1762991e+00
   7.8236999e-01   4.2229706e-01   4.4389400e-01   9.3862888e-01   1.1729721e+00
   7.8071926e-01   4.2162033e-01   4.4317021e-01   9.3640294e-01   1.1696646e+00
   7.7907500e-01   4.2094538e-01   4.4244838e-01   9.3418727e-01   1.1663764e+00
   7.7743715e-01   4.2027221e-01   4.4172850e-01   9.3198178e-01   1.1631075e+00
   7.7580569e-01   4.1960081e-01   4.4101056e-01   9.2978641e-01   1.1598575e+00
   7.7418058e-01   4.1893118e-01   4.4029456e-01   9.2760107e-01   1.1566263e+00
   7.7256176e-01   4.1826330e-01   4.3958048e-01   9.2542569e-01   1.1534137e+00
   7.7094922e-01   4.1759717e-01   4.3886833e-01   9.2326020e-01   1.1502196e+00
   7.6934290e-01   4.1693279e-01   4.3815808e-01   9.2110452e-01   1.1470437e+00
   7.6774277e-01   4.1627014e-01   4.3744974e-01   9.1895859e-01   1.1438859e+00
   7.6614879e-01   4.1560922e-01   4.3674330e-01   9.1682233e-01   1.1407460e+00
   7.6456092e-01   4.1495003e-01   4.3603874e-01   9.1469567e-01   1.1376239e+00
   7.6297913e-01   4.1429256e-01   4.3533607e-01   9.1257855e-01   1.1345194e+00
   7.6140339e-01   4.1363679e-01   4.3463527e-01   9.1047089e-01   1.1314323e+00
   7.5983364e-01   4.1298273e-01   4.3393634e-01   9.0837262e-01   1.1283624e+00
   7.5826986e-01   4.1233037e-01   4.3323927e-01   9.0628368e-01   1.1253097e+00
   7.5671202e-01   4.1167970e-01   4.3254405e-01   9.0420399e-01   1.1222739e+00
   7.5516007e-01   4.1103072e-01   4.3185068e-01   9.0213351e-01   1.1192549e+00
   7.5361398e-01   4.1038341e-01   4.3115915e-01   9.0007215e-01   1.1162525e+00
   7.5207372e-01   4.0973778e-01   4.3046944e-01   8.9801985e-01   1.1132666e+00
   7.5053924e-01   4.0909381e-01   4.2978156e-01   8.9597656e-01   1.1102970e+00
   7.4901053e-01   4.0845150e-01   4.2909550e-01   8.9394219e-01   1.1073437e+00
   7.4748754e-01   4.0781085e-01   4.2841125e-01   8.9191671e-01   1.1044063e+00
   7.4597023e-01   4.0717184e-01   4.2772880e-01   8.8990003e-01   1.1014849e+00
   7.4445859e-01   4.0653447e-01   4.2704814e-01   8.8789210e-01   1.0985792e+00
   7.4295256e-01   4.0589874e-01   4.2636928e-01   8.8589285e-01   1.0956891e+00
   7.4145212e-01   4.0526464e-01   4.2569220e-01   8.8390224e-01   1.0928145e+00
   7.3995724e-01   4.0463217e-01   4.2501689e-01   8.8192019e-01   1.0899553e+00
   7.3846789e-01   4.0400130e-01   4.2434335e-01   8.7994665e-01   1.0871112e+00
   7.3698403e-01   4.0337205e-01   4.2367157e-01   8.7798155e-01   1.0842822e+00
   7.3550562e-01   4.0274441e-01   4.2300155e-01   8.7602485e-01   1.0814682e+00
   7.3403265e-01   4.0211836e-01   4.2233328e-01   8.7407648e-01   1.0786689e+00
   7.3256507e-01   4.0149391e-01   4.2166674e-01   8.7213639e-01   1.0758844e+00
   7.3110286e-01   4.0087105e-01   4.2100195e-01   8.7020452e-01   1.0731144e+00
   7.2964599e-01   4.0024976e-01   4.2033888e-01   8.6828081e-01   1.0703588e+00
   7.2819441e-01   3.9963006e-01   4.1967753e-01   8.6636520e-01   1.0676175e+00
   7.2674812e-01   3.9901192e-01   4.1901790e-01   8.6445766e-01   1.0648905e+00
   7.2530706e-01   3.9839534e-01   4.1835997e-01   8.6255811e-01   1.0621774e+00
   7.2387123e-01   3.9778033e-01   4.1770375e-01   8.6066650e-01   1.0594784e+00
   7.2244057e-01   3.9716686e-01   4.1704923e-01   8.5878279e-01   1.0567931e+00
   7.2101507e-01   3.9655495e-01   4.1639639e-01   8.5690691e-01   1.0541215e+00
   7.1959470e-01   3.9594457e-01   4.1574524e-01   8.5503883e-01   1.0514636e+00
   7.1817943e-01   3.9533573e-01   4.1509576e-01   8.5317847e-01   1.0488191e+00
   7.1676922e-01   3.9472842e-01   4.1444796e-01   8.5132580e-01   1.0461880e+00
   7.1536405e-01   3.9412264e-01   4.1380181e-01   8.4948077e-01   1.0435702e+00
   7.1396390e-01   3.9351837e-01   4.1315733e-01   8.4764331e-01   1.0409655e+00
   7.1256873e-01   3.9291562e-01   4.1251450e-01   8.4581339e-01   1.0383738e+00
   7.1117851e-01   3.9231438e-01   4.1187331e-01   8.4399095e-01   1.0357951e+00
   7.0979323e-01   3.9171463e-01   4.1123377e-01   8.4217594e-01   1.0332292e+00
   7.0841284e-01   3.9111639e-01   4.1059585e-01   8.4036832e-01   1.0306760e+00
   7.0703733e-01   3.9051963e-01   4.0995957e-01   8.3856804e-01   1.0281354e+00
   7.0566666e-01   3.8992437e-01   4.0932490e-01   8.3677505e-01   1.0256074e+00
   7.0430082e-01   3.8933058e-01   4.0869185e-01   8.3498929e-01   1.0230917e+00
   7.0293976e-01   3.8873827e-01   4.0806041e-01   8.3321074e-01   1.0205884e+00
   7.0158348e-01   3.8814743e-01   4.0743057e-01   8.3143933e-01   1.0180973e+00
   7.0023194e-01   3.8755805e-01   4.0680233e-01   8.2967503e-01   1.0156183e+00
   6.9888511e-01   3.8697014e-01   4.0617568e-01   8.2791778e-01   1.0131513e+00
   6.9754297e-01   3.8638367e-01   4.0555062e-01   8.2616755e-01   1.0106963e+00
   6.9620550e-01   3.8579866e-01   4.0492714e-01   8.2442428e-01   1.0082531e+00
   6.9487266e-01   3.8521509e-01   4.0430523e-01   8.2268794e-01   1.0058216e+00
   6.9354444e-01   3.8463296e-01   4.0368488e-01   8.2095848e-01   1.0034018e+00
   6.9222080e-01   3.8405227e-01   4.0306610e-01   8.1923586e-01   1.0009935e+00
   6.9090173e-01   3.8347300e-01   4.0244888e-01   8.1752002e-01   9.9859671e-01
   6.8958720e-01   3.8289516e-01   4.0183321e-01   8.1581094e-01   9.9621128e-01
   6.8827718e-01   3.8231873e-01   4.0121908e-01   8.1410857e-01   9.9383714e-01
   6.8697166e-01   3.8174372e-01   4.0060649e-01   8.1241286e-01   9.9147420e-01
   6.8567060e-01   3.8117011e-01   3.9999544e-01   8.1072378e-01   9.8912238e-01
   6.8437398e-01   3.8059791e-01   3.9938591e-01   8.0904128e-01   9.8678158e-01
   6.8308178e-01   3.8002711e-01   3.9877791e-01   8.0736532e-01   9.8445173e-01
   6.8179398e-01   3.7945771e-01   3.9817143e-01   8.0569587e-01   9.8213274e-01
   6.8051055e-01   3.7888969e-01   3.9756645e-01   8.0403287e-01   9.7982452e-01
   6.7923147e-01   3.7832305e-01   3.9696299e-01   8.0237630e-01   9.7752700e-01
   6.7795672e-01   3.7775779e-01   3.9636102e-01   8.0072611e-01   9.7524010e-01
   6.7668627e-01   3.7719391e-01   3.9576055e-01   7.9908227e-01   9.7296374e-01
   6.7542010e-01   3.7663140e-01   3.9516157e-01   7.9744473e-01   9.7069783e-01
   6.7415819e-01   3.7607025e-01   3.9456407e-01   7.9581345e-01   9.6844230e-01
   6.7290051e-01   3.7551046e-01   3.9396805e-01   7.9418841e-01   9.6619707e-01
   6.7164705e-01   3.7495203e-01   3.9337351e-01   7.9256955e-01   9.6396206e-01
   6.7039778e-01   3.7439494e-01   3.9278044e-01   7.9095685e-01   9.6173721e-01
   6.6915268e-01   3.7383920e-01   3.9218883e-01   7.8935026e-01   9.5952242e-01
   6.6791173e-01   3.7328481e-01   3.9159867e-01   7.8774975e-01   9.5731764e-01
   6.6667490e-01   3.7273174e-01   3.9100997e-01   7.8615528e-01   9.5512278e-01
   6.6544218e-01   3.7218001e-01   3.9042272e-01   7.8456682e-01   9.5293778e-01
   6.6421355e-01   3.7162961e-01   3.8983691e-01   7.8298433e-01   9.5076255e-01
   6.6298898e-01   3.7108053e-01   3.8925254e-01   7.8140777e-01   9.4859704e-01
   6.6176845e-01   3.7053277e-01   3.8866960e-01   7.7983712e-01   9.4644117e-01
   6.6055195e-01   3.6998632e-01   3.8808809e-01   7.7827232e-01   9.4429487e-01
   6.5933944e-01   3.6944117e-01   3.8750799e-01   7.7671336e-01   9.4215806e-01
   6.5813092e-01   3.6889734e-01   3.8692932e-01   7.7516019e-01   9.4003069e-01
   6.5692635e-01   3.6835480e-01   3.8635206e-01   7.7361278e-01   9.3791269e-01
   6.5572573e-01   3.6781355e-01   3.8577621e-01   7.7207110e-01   9.3580398e-01
   6.5452903e-01   3.6727360e-01   3.8520175e-01   7.7053512e-01   9.3370451e-01
   6.5333622e-01   3.6673494e-01   3.8462870e-01   7.6900479e-01   9.3161420e-01
   6.5214730e-01   3.6619755e-01   3.8405704e-01   7.6748009e-01   9.2953300e-01
   6.5096224e-01   3.6566144e-01   3.8348676e-01   7.6596098e-01   9.2746083e-01
   6.4978102e-01   3.6512661e-01   3.8291787e-01   7.6444744e-01   9.2539763e-01
   6.4860363e-01   3.6459304e-01   3.8235035e-01   7.6293943e-01   9.2334335e-01
   6.4743004e-01   3.6406074e-01   3.8178421e-01   7.6143691e-01   9.2129791e-01
   6.4626023e-01   3.6352970e-01   3.8121944e-01   7.5993986e-01   9.1926126e-01
   6.4509419e-01   3.6299992e-01   3.8065602e-01   7.5844825e-01   9.1723334e-01
   6.4393189e-01   3.6247138e-01   3.8009397e-01   7.5696204e-01   9.1521408e-01
   6.4277332e-01   3.6194410e-01   3.7953327e-01   7.5548120e-01   9.1320342e-01
   6.4161846e-01   3.6141805e-01   3.7897392e-01   7.5400570e-01   9.1120131e-01
   6.4046730e-01   3.6089325e-01   3.7841592e-01   7.5253551e-01   9.0920769e-01
   6.3931980e-01   3.6036968e-01   3.7785925e-01   7.5107061e-01   9.0722250e-01
   6.3817596e-01   3.5984734e-01   3.7730392e-01   7.4961096e-01   9.0524568e-01
   6.3703576e-01   3.5932622e-01   3.7674992e-01   7.4815652e-01   9.0327717e-01
   6.3589918e-01   3.5880633e-01   3.7619724e-01   7.4670729e-01   9.0131692e-01
   6.3476620e-01   3.5828766e-01   3.7564589e-01   7.4526321e-01   8.9936487e-01
   6.3363680e-01   3.5777020e-01   3.7509585e-01   7.4382427e-01   8.9742097e-01
   6.3251096e-01   3.5725395e-01   3.7454712e-01   7.4239043e-01   8.9548516e-01
   6.3138868e-01   3.5673890e-01   3.7399970e-01   7.4096167e-01   8.9355738e-01
   6.3026993e-01   3.5622506e-01   3.7345359e-01   7.3953796e-01   8.9163759e-01
   6.2915469e-01   3.5571241e-01   3.7290877e-01   7.3811926e-01   8.8972573e-01
   6.2804295e-01   3.5520096e-01   3.7236525e-01   7.3670556e-01   8.8782174e-01
   6.2693469e-01   3.5469070e-01   3.7182302e-01   7.3529683e-01   8.8592558e-01
   6.2582989e-01   3.5418162e-01   3.7128207e-01   7.3389303e-01   8.8403720e-01
   6.2472854e-01   3.5367373e-01   3.7074240e-01   7.3249414e-01   8.8215653e-01
   6.2363062e-01   3.5316701e-01   3.7020401e-01   7.3110013e-01   8.8028353e-01
   6.2253611e-01   3.5266147e-01   3.6966689e-01   7.2971098e-01   8.7841816e-01
   6.2144501e-01   3.5215710e-01   3.6913104e-01   7.2832666e-01   8.7656035e-01
   6.2035728e-01   3.5165389e-01   3.6859645e-01   7.2694714e-01   8.7471007e-01
   6.1927292e-01   3.5115184e-01   3.6806312e-01   7.2557240e-01   8.7286725e-01
   6.1819190e-01   3.5065096e-01   3.6753105e-01   7.2420241e-01   8.7103186e-01
   6.1711422e-01   3.5015123e-01   3.6700022e-01   7.2283715e-01   8.6920385e-01
   6.1603986e-01   3.4965264e-01   3.6647065e-01   7.2147658e-01   8.6738316e-01
   6.1496880e-01   3.4915521e-01   3.6594231e-01   7.2012069e-01   8.6556975e-01
   6.1390102e-01   3.4865892e-01   3.6541521e-01   7.1876945e-01   8.6376357e-01
   6.1283651e-01   3.4816377e-01   3.6488935e-01   7.1742283e-01   8.6196459e-01
   6.1177526e-01   3.4766975e-01   3.6436471e-01   7.1608081e-01   8.6017274e-01
   6.1071725e-01   3.4717687e-01   3.6384131e-01   7.1474337e-01   8.5838799e-01
   6.0966247e-01   3.4668511e-01   3.6331912e-01   7.1341047e-01   8.5661028e-01
   6.0861089e-01   3.4619448e-01   3.6279815e-01   7.1208210e-01   8.5483959e-01
   6.0756251e-01   3.4570497e-01   3.6227839e-01   7.1075823e-01   8.5307585e-01
   6.0651730e-01   3.4521657e-01   3.6175984e-01   7.0943884e-01   8.5131903e-01
   6.0547527e-01   3.4472929e-01   3.6124250e-01   7.0812390e-01   8.4956909e-01
   6.0443638e-01   3.4424312e-01   3.6072635e-01   7.0681340e-01   8.4782597e-01
   6.0340062e-01   3.4375805e-01   3.6021141e-01   7.0550730e-01   8.4608965e-01
   6.0236799e-01   3.4327409e-01   3.5969765e-01   7.0420558e-01   8.4436007e-01
   6.0133847e-01   3.4279123e-01   3.5918509e-01   7.0290822e-01   8.4263719e-01
   6.0031203e-01   3.4230946e-01   3.5867371e-01   7.0161521e-01   8.4092097e-01
   5.9928868e-01   3.4182878e-01   3.5816351e-01   7.0032650e-01   8.3921138e-01
   5.9826838e-01   3.4134919e-01   3.5765449e-01   6.9904209e-01   8.3750836e-01
   5.9725114e-01   3.4087069e-01   3.5714664e-01   6.9776195e-01   8.3581188e-01
   5.9623693e-01   3.4039327e-01   3.5663996e-01   6.9648606e-01   8.3412191e-01
   5.9522575e-01   3.3991692e-01   3.5613445e-01   6.9521439e-01   8.3243839e-01
   5.9421757e-01   3.3944165e-01   3.5563010e-01   6.9394693e-01   8.3076129e-01
   5.9321239e-01   3.3896745e-01   3.5512690e-01   6.9268365e-01   8.2909057e-01
   5.9221018e-01   3.3849432e-01   3.5462486e-01   6.9142453e-01   8.2742619e-01
   5.9121095e-01   3.3802225e-01   3.5412397e-01   6.9016955e-01   8.2576811e-01
   5.9021467e-01   3.3755125e-01   3.5362423e-01   6.8891869e-01   8.2411630e-01
   5.8922132e-01   3.3708130e-01   3.5312562e-01   6.8767192e-01   8.2247072e-01
   5.8823091e-01   3.3661240e-01   3.5262816e-01   6.8642923e-01   8.2083132e-01
   5.8724341e-01   3.3614455e-01   3.5213183e-01   6.8519060e-01   8.1919808e-01
   5.8625881e-01   3.3567775e-01   3.5163663e-01   6.8395600e-01   8.1757095e-01
   5.8527709e-01   3.3521200e-01   3.5114256e-01   6.8272541e-01   8.1594990e-01
   5.8429825e-01   3.3474728e-01   3.5064962e-01   6.8149882e-01   8.1433490e-01
   5.8332228e-01   3.3428360e-01   3.5015779e-01   6.8027620e-01   8.1272590e-01
   5.8234915e-01   3.3382096e-01   3.4966708e-01   6.7905754e-01   8.1112287e-01
   5.8137886e-01   3.3335934e-01   3.4917749e-01   6.7784281e-01   8.0952578e-01
   5.8041139e-01   3.3289875e-01   3.4868900e-01   6.7663199e-01   8.0793459e-01
   5.7944673e-01   3.3243919e-01   3.4820162e-01   6.7542507e-01   8.0634926e-01
   5.7848488e-01   3.3198064e-01   3.4771534e-01   6.7422202e-01   8.0476976e-01
   5.7752580e-01   3.3152312e-01   3.4723016e-01   6.7302282e-01   8.0319606e-01
   5.7656951e-01   3.3106660e-01   3.4674607e-01   6.7182746e-01   8.0162813e-01
   5.7561597e-01   3.3061110e-01   3.4626307e-01   6.7063592e-01   8.0006592e-01
   5.7466518e-01   3.3015661e-01   3.4578117e-01   6.6944818e-01   7.9850941e-01
   5.7371713e-01   3.2970312e-01   3.4530034e-01   6.6826421e-01   7.9695857e-01
   5.7277181e-01   3.2925063e-01   3.4482060e-01   6.6708401e-01   7.9541335e-01
   5.7182920e-01   3.2879914e-01   3.4434194e-01   6.6590755e-01   7.9387373e-01
   5.7088929e-01   3.2834865e-01   3.4386435e-01   6.6473481e-01   7.9233968e-01
   5.6995207e-01   3.2789914e-01   3.4338783e-01   6.6356577e-01   7.9081116e-01
   5.6901753e-01   3.2745063e-01   3.4291237e-01   6.6240043e-01   7.8928814e-01
   5.6808565e-01   3.2700310e-01   3.4243798e-01   6.6123875e-01   7.8777060e-01
   5.6715643e-01   3.2655655e-01   3.4196465e-01   6.6008072e-01   7.8625849e-01
   5.6622986e-01   3.2611099e-01   3.4149238e-01   6.5892632e-01   7.8475179e-01
   5.6530591e-01   3.2566639e-01   3.4102116e-01   6.5777554e-01   7.8325046e-01
   5.6438459e-01   3.2522278e-01   3.4055099e-01   6.5662836e-01   7.8175449e-01
   5.6346587e-01   3.2478013e-01   3.4008186e-01   6.5548476e-01   7.8026383e-01
   5.6254975e-01   3.2433845e-01   3.3961378e-01   6.5434472e-01   7.7877846e-01
   5.6163622e-01   3.2389774e-01   3.3914674e-01   6.5320823e-01   7.7729834e-01
   5.6072526e-01   3.2345798e-01   3.3868074e-01   6.5207526e-01   7.7582345e-01
   5.5981687e-01   3.2301919e-01   3.3821577e-01   6.5094581e-01   7.7435376e-01
   5.5891103e-01   3.2258135e-01   3.3775182e-01   6.4981985e-01   7.7288924e-01
   5.5800774e-01   3.2214446e-01   3.3728891e-01   6.4869737e-01   7.7142986e-01
   5.5710698e-01   3.2170852e-01   3.3682702e-01   6.4757835e-01   7.6997559e-01
   5.5620873e-01   3.2127353e-01   3.3636615e-01   6.4646277e-01   7.6852640e-01
   5.5531300e-01   3.2083948e-01   3.3590630e-01   6.4535063e-01   7.6708227e-01
   5.5441977e-01   3.2040637e-01   3.3544746e-01   6.4424189e-01   7.6564316e-01
   5.5352902e-01   3.1997420e-01   3.3498963e-01   6.4313655e-01   7.6420906e-01
   5.5264076e-01   3.1954296e-01   3.3453281e-01   6.4203459e-01   7.6277992e-01
   5.5175496e-01   3.1911266e-01   3.3407699e-01   6.4093600e-01   7.6135573e-01
   5.5087162e-01   3.1868328e-01   3.3362217e-01   6.3984075e-01   7.5993646e-01
   5.4999073e-01   3.1825483e-01   3.3316835e-01   6.3874883e-01   7.5852208e-01
   5.4911227e-01   3.1782731e-01   3.3271553e-01   6.3766023e-01   7.5711256e-01
   5.4823624e-01   3.1740070e-01   3.3226370e-01   6.3657494e-01   7.5570788e-01
   5.4736263e-01   3.1697502e-01   3.3181285e-01   6.3549292e-01   7.5430801e-01
   5.4649142e-01   3.1655024e-01   3.3136300e-01   6.3441418e-01   7.5291293e-01
   5.4562261e-01   3.1612638e-01   3.3091412e-01   6.3333869e-01   7.5152261e-01
   5.4475619e-01   3.1570343e-01   3.3046622e-01   6.3226644e-01   7.5013701e-01
   5.4389214e-01   3.1528139e-01   3.3001930e-01   6.3119741e-01   7.4875613e-01
   5.4303046e-01   3.1486025e-01   3.2957336e-01   6.3013160e-01   7.4737993e-01
   5.4217114e-01   3.1444001e-01   3.2912838e-01   6.2906897e-01   7.4600839e-01
   5.4131416e-01   3.1402067e-01   3.2868437e-01   6.2800953e-01   7.4464148e-01
   5.4045952e-01   3.1360222e-01   3.2824132e-01   6.2695326e-01   7.4327918e-01
   5.3960721e-01   3.1318467e-01   3.2779924e-01   6.2590013e-01   7.4192146e-01
   5.3875722e-01   3.1276800e-01   3.2735811e-01   6.2485014e-01   7.4056831e-01
   5.3790953e-01   3.1235223e-01   3.2691794e-01   6.2380327e-01   7.3921968e-01
   5.3706414e-01   3.1193734e-01   3.2647872e-01   6.2275951e-01   7.3787557e-01
   5.3622105e-01   3.1152333e-01   3.2604045e-01   6.2171884e-01   7.3653595e-01
   5.3538023e-01   3.1111020e-01   3.2560313e-01   6.2068125e-01   7.3520079e-01
   5.3454168e-01   3.1069795e-01   3.2516675e-01   6.1964672e-01   7.3387007e-01
   5.3370540e-01   3.1028657e-01   3.2473131e-01   6.1861525e-01   7.3254377e-01
   5.3287137e-01   3.0987606e-01   3.2429681e-01   6.1758681e-01   7.3122186e-01
   5.3203958e-01   3.0946642e-01   3.2386324e-01   6.1656139e-01   7.2990432e-01
   5.3121002e-01   3.0905765e-01   3.2343061e-01   6.1553899e-01   7.2859113e-01
   5.3038269e-01   3.0864974e-01   3.2299890e-01   6.1451958e-01   7.2728227e-01
   5.2955758e-01   3.0824269e-01   3.2256812e-01   6.1350315e-01   7.2597771e-01
   5.2873467e-01   3.0783650e-01   3.2213827e-01   6.1248970e-01   7.2467743e-01
   5.2791396e-01   3.0743117e-01   3.2170933e-01   6.1147919e-01   7.2338141e-01
   5.2709544e-01   3.0702669e-01   3.2128131e-01   6.1047164e-01   7.2208962e-01
   5.2627910e-01   3.0662306e-01   3.2085421e-01   6.0946700e-01   7.2080206e-01
   5.2546493e-01   3.0622027e-01   3.2042802e-01   6.0846529e-01   7.1951868e-01
   5.2465292e-01   3.0581834e-01   3.2000273e-01   6.0746648e-01   7.1823948e-01
   5.2384307e-01   3.0541725e-01   3.1957836e-01   6.0647056e-01   7.1696443e-01
   5.2303537e-01   3.0501699e-01   3.1915489e-01   6.0547751e-01   7.1569351e-01
   5.2222980e-01   3.0461758e-01   3.1873232e-01   6.0448733e-01   7.1442670e-01
   5.2142636e-01   3.0421900e-01   3.1831064e-01   6.0350001e-01   7.1316397e-01
   5.2062504e-01   3.0382125e-01   3.1788987e-01   6.0251552e-01   7.1190531e-01
   5.1982583e-01   3.0342434e-01   3.1746998e-01   6.0153386e-01   7.1065070e-01
   5.1902872e-01   3.0302825e-01   3.1705099e-01   6.0055501e-01   7.0940012e-01
   5.1823371e-01   3.0263299e-01   3.1663288e-01   5.9957896e-01   7.0815354e-01
   5.1744079e-01   3.0223855e-01   3.1621566e-01   5.9860571e-01   7.0691094e-01
   5.1664994e-01   3.0184494e-01   3.1579932e-01   5.9763523e-01   7.0567231e-01
   5.1586117e-01   3.0145214e-01   3.1538386e-01   5.9666752e-01   7.0443763e-01
   5.1507445e-01   3.0106016e-01   3.1496928e-01   5.9570255e-01   7.0320688e-01
   5.1428979e-01   3.0066899e-01   3.1455557e-01   5.9474033e-01   7.0198003e-01
   5.1350718e-01   3.0027863e-01   3.1414273e-01   5.9378084e-01   7.0075706e-01
   5.1272660e-01   2.9988908e-01   3.1373077e-01   5.9282407e-01   6.9953797e-01
   5.1194805e-01   2.9950034e-01   3.1331966e-01   5.9187000e-01   6.9832272e-01
   5.1117153e-01   2.9911240e-01   3.1290942e-01   5.9091863e-01   6.9711131e-01
   5.1039702e-01   2.9872526e-01   3.1250005e-01   5.8996994e-01   6.9590370e-01
   5.0962451e-01   2.9833893e-01   3.1209153e-01   5.8902391e-01   6.9469989e-01
   5.0885400e-01   2.9795339e-01   3.1168387e-01   5.8808055e-01   6.9349985e-01
   5.0808549e-01   2.9756864e-01   3.1127706e-01   5.8713984e-01   6.9230357e-01
   5.0731895e-01   2.9718469e-01   3.1087110e-01   5.8620176e-01   6.9111102e-01
   5.0655439e-01   2.9680153e-01   3.1046599e-01   5.8526630e-01   6.8992219e-01
   5.0579180e-01   2.9641915e-01   3.1006172e-01   5.8433346e-01   6.8873706e-01
   5.0503117e-01   2.9603756e-01   3.0965830e-01   5.8340322e-01   6.8755561e-01
   5.0427249e-01   2.9565675e-01   3.0925572e-01   5.8247558e-01   6.8637783e-01
   5.0351575e-01   2.9527673e-01   3.0885398e-01   5.8155051e-01   6.8520369e-01
   5.0276095e-01   2.9489748e-01   3.0845308e-01   5.8062801e-01   6.8403318e-01
   5.0200808e-01   2.9451901e-01   3.0805300e-01   5.7970807e-01   6.8286629e-01
   5.0125714e-01   2.9414132e-01   3.0765376e-01   5.7879068e-01   6.8170299e-01
   5.0050811e-01   2.9376439e-01   3.0725535e-01   5.7787582e-01   6.8054326e-01
   4.9976098e-01   2.9338824e-01   3.0685776e-01   5.7696350e-01   6.7938709e-01
   4.9901576e-01   2.9301285e-01   3.0646100e-01   5.7605368e-01   6.7823447e-01
   4.9827243e-01   2.9263823e-01   3.0606506e-01   5.7514637e-01   6.7708537e-01
   4.9753098e-01   2.9226437e-01   3.0566993e-01   5.7424156e-01   6.7593978e-01
   4.9679142e-01   2.9189127e-01   3.0527562e-01   5.7333923e-01   6.7479769e-01
   4.9605372e-01   2.9151893e-01   3.0488213e-01   5.7243937e-01   6.7365906e-01
   4.9531789e-01   2.9114735e-01   3.0448945e-01   5.7154198e-01   6.7252390e-01
   4.9458392e-01   2.9077652e-01   3.0409758e-01   5.7064703e-01   6.7139218e-01
   4.9385180e-01   2.9040644e-01   3.0370651e-01   5.6975454e-01   6.7026389e-01
   4.9312152e-01   2.9003711e-01   3.0331625e-01   5.6886447e-01   6.6913900e-01
   4.9239308e-01   2.8966853e-01   3.0292679e-01   5.6797682e-01   6.6801751e-01
   4.9166646e-01   2.8930070e-01   3.0253813e-01   5.6709159e-01   6.6689940e-01
   4.9094167e-01   2.8893361e-01   3.0215027e-01   5.6620876e-01   6.6578465e-01
   4.9021870e-01   2.8856726e-01   3.0176320e-01   5.6532832e-01   6.6467325e-01
   4.8949753e-01   2.8820165e-01   3.0137692e-01   5.6445027e-01   6.6356518e-01
   4.8877817e-01   2.8783678e-01   3.0099144e-01   5.6357458e-01   6.6246042e-01
   4.8806060e-01   2.8747264e-01   3.0060674e-01   5.6270126e-01   6.6135897e-01
   4.8734482e-01   2.8710923e-01   3.0022283e-01   5.6183030e-01   6.6026079e-01
   4.8663082e-01   2.8674656e-01   2.9983971e-01   5.6096167e-01   6.5916589e-01
   4.8591860e-01   2.8638462e-01   2.9945736e-01   5.6009538e-01   6.5807424e-01
   4.8520815e-01   2.8602340e-01   2.9907579e-01   5.5923142e-01   6.5698583e-01
   4.8449946e-01   2.8566290e-01   2.9869500e-01   5.5836977e-01   6.5590065e-01
   4.8379252e-01   2.8530313e-01   2.9831499e-01   5.5751042e-01   6.5481868e-01
   4.8308734e-01   2.8494408e-01   2.9793575e-01   5.5665337e-01   6.5373990e-01
   4.8238389e-01   2.8458575e-01   2.9755727e-01   5.5579861e-01   6.5266430e-01
   4.8168219e-01   2.8422813e-01   2.9717957e-01   5.5494612e-01   6.5159186e-01
   4.8098221e-01   2.8387123e-01   2.9680263e-01   5.5409591e-01   6.5052258e-01
   4.8028395e-01   2.8351504e-01   2.9642645e-01   5.5324795e-01   6.4945643e-01
   4.7958742e-01   2.8315957e-01   2.9605104e-01   5.5240224e-01   6.4839341e-01
   4.7889259e-01   2.8280480e-01   2.9567638e-01   5.5155877e-01   6.4733349e-01
   4.7819947e-01   2.8245073e-01   2.9530248e-01   5.5071754e-01   6.4627667e-01
   4.7750805e-01   2.8209737e-01   2.9492934e-01   5.4987852e-01   6.4522293e-01
   4.7681832e-01   2.8174472e-01   2.9455695e-01   5.4904172e-01   6.4417225e-01
   4.7613027e-01   2.8139276e-01   2.9418531e-01   5.4820713e-01   6.4312463e-01
   4.7544391e-01   2.8104150e-01   2.9381441e-01   5.4737473e-01   6.4208005e-01
   4.7475921e-01   2.8069094e-01   2.9344427e-01   5.4654452e-01   6.4103849e-01
   4.7407619e-01   2.8034108e-01   2.9307486e-01   5.4571649e-01   6.3999994e-01
   4.7339483e-01   2.7999190e-01   2.9270620e-01   5.4489063e-01   6.3896439e-01
   4.7271512e-01   2.7964342e-01   2.9233828e-01   5.4406693e-01   6.3793182e-01
   4.7203706e-01   2.7929563e-01   2.9197110e-01   5.4324538e-01   6.3690223e-01
   4.7136065e-01   2.7894852e-01   2.9160465e-01   5.4242597e-01   6.3587560e-01
   4.7068587e-01   2.7860210e-01   2.9123893e-01   5.4160871e-01   6.3485190e-01
   4.7001273e-01   2.7825636e-01   2.9087395e-01   5.4079357e-01   6.3383115e-01
   4.6934121e-01   2.7791130e-01   2.9050970e-01   5.3998054e-01   6.3281330e-01
   4.6867131e-01   2.7756692e-01   2.9014617e-01   5.3916963e-01   6.3179837e-01
   4.6800303e-01   2.7722322e-01   2.8978337e-01   5.3836082e-01   6.3078633e-01
   4.6733635e-01   2.7688019e-01   2.8942129e-01   5.3755411e-01   6.2977717e-01
   4.6667128e-01   2.7653784e-01   2.8905993e-01   5.3674948e-01   6.2877087e-01
   4.6600780e-01   2.7619616e-01   2.8869929e-01   5.3594693e-01   6.2776744e-01
   4.6534591e-01   2.7585515e-01   2.8833937e-01   5.3514645e-01   6.2676684e-01
   4.6468561e-01   2.7551480e-01   2.8798017e-01   5.3434803e-01   6.2576908e-01
   4.6402689e-01   2.7517513e-01   2.8762167e-01   5.3355166e-01   6.2477413e-01
   4.6336975e-01   2.7483612e-01   2.8726389e-01   5.3275734e-01   6.2378199e-01
   4.6271417e-01   2.7449777e-01   2.8690682e-01   5.3196505e-01   6.2279264e-01
   4.6206015e-01   2.7416008e-01   2.8655045e-01   5.3117480e-01   6.2180607e-01
   4.6140769e-01   2.7382305e-01   2.8619479e-01   5.3038657e-01   6.2082227e-01
   4.6075679e-01   2.7348667e-01   2.8583983e-01   5.2960035e-01   6.1984123e-01
   4.6010743e-01   2.7315096e-01   2.8548557e-01   5.2881613e-01   6.1886293e-01
   4.5945961e-01   2.7281589e-01   2.8513202e-01   5.2803392e-01   6.1788737e-01
   4.5881333e-01   2.7248148e-01   2.8477915e-01   5.2725370e-01   6.1691453e-01
   4.5816858e-01   2.7214772e-01   2.8442699e-01   5.2647546e-01   6.1594439e-01
   4.5752535e-01   2.7181460e-01   2.8407552e-01   5.2569919e-01   6.1497696e-01
   4.5688364e-01   2.7148213e-01   2.8372474e-01   5.2492489e-01   6.1401221e-01
   4.5624345e-01   2.7115031e-01   2.8337464e-01   5.2415256e-01   6.1305014e-01
   4.5560476e-01   2.7081913e-01   2.8302524e-01   5.2338217e-01   6.1209073e-01
   4.5496758e-01   2.7048859e-01   2.8267652e-01   5.2261373e-01   6.1113398e-01
   4.5433189e-01   2.7015869e-01   2.8232849e-01   5.2184723e-01   6.1017986e-01
   4.5369770e-01   2.6982942e-01   2.8198113e-01   5.2108266e-01   6.0922838e-01
   4.5306500e-01   2.6950080e-01   2.8163446e-01   5.2032001e-01   6.0827951e-01
   4.5243378e-01   2.6917280e-01   2.8128846e-01   5.1955928e-01   6.0733325e-01
   4.5180404e-01   2.6884544e-01   2.8094314e-01   5.1880046e-01   6.0638959e-01
   4.5117577e-01   2.6851871e-01   2.8059850e-01   5.1804354e-01   6.0544852e-01
   4.5054896e-01   2.6819261e-01   2.8025453e-01   5.1728851e-01   6.0451001e-01
   4.4992362e-01   2.6786714e-01   2.7991122e-01   5.1653537e-01   6.0357408e-01
   4.4929974e-01   2.6754229e-01   2.7956859e-01   5.1578411e-01   6.0264069e-01
   4.4867730e-01   2.6721806e-01   2.7922662e-01   5.1503472e-01   6.0170985e-01
   4.4805632e-01   2.6689446e-01   2.7888532e-01   5.1428720e-01   6.0078154e-01
   4.4743677e-01   2.6657148e-01   2.7854469e-01   5.1354154e-01   5.9985575e-01
   4.4681867e-01   2.6624911e-01   2.7820471e-01   5.1279773e-01   5.9893247e-01
   4.4620199e-01   2.6592737e-01   2.7786539e-01   5.1205576e-01   5.9801169e-01
   4.4558675e-01   2.6560624e-01   2.7752673e-01   5.1131563e-01   5.9709340e-01
   4.4497292e-01   2.6528572e-01   2.7718873e-01   5.1057734e-01   5.9617760e-01
   4.4436052e-01   2.6496581e-01   2.7685138e-01   5.0984087e-01   5.9526426e-01
   4.4374952e-01   2.6464652e-01   2.7651468e-01   5.0910621e-01   5.9435338e-01
   4.4313993e-01   2.6432783e-01   2.7617864e-01   5.0837337e-01   5.9344494e-01
   4.4253175e-01   2.6400976e-01   2.7584324e-01   5.0764233e-01   5.9253895e-01
   4.4192496e-01   2.6369228e-01   2.7550849e-01   5.0691309e-01   5.9163539e-01
   4.4131957e-01   2.6337542e-01   2.7517438e-01   5.0618564e-01   5.9073424e-01
   4.4071557e-01   2.6305915e-01   2.7484092e-01   5.0545997e-01   5.8983550e-01
   4.4011295e-01   2.6274348e-01   2.7450810e-01   5.0473608e-01   5.8893917e-01
   4.3951171e-01   2.6242842e-01   2.7417592e-01   5.0401396e-01   5.8804522e-01
   4.3891184e-01   2.6211395e-01   2.7384438e-01   5.0329361e-01   5.8715365e-01
   4.3831335e-01   2.6180008e-01   2.7351347e-01   5.0257501e-01   5.8626445e-01
   4.3771622e-01   2.6148680e-01   2.7318320e-01   5.0185817e-01   5.8537761e-01
   4.3712045e-01   2.6117411e-01   2.7285357e-01   5.0114307e-01   5.8449312e-01
   4.3652603e-01   2.6086202e-01   2.7252456e-01   5.0042971e-01   5.8361097e-01
   4.3593297e-01   2.6055051e-01   2.7219619e-01   4.9971808e-01   5.8273115e-01
   4.3534126e-01   2.6023960e-01   2.7186844e-01   4.9900818e-01   5.8185366e-01
   4.3475088e-01   2.5992927e-01   2.7154132e-01   4.9830000e-01   5.8097847e-01
   4.3416185e-01   2.5961952e-01   2.7121482e-01   4.9759353e-01   5.8010560e-01
   4.3357415e-01   2.5931036e-01   2.7088894e-01   4.9688877e-01   5.7923501e-01
   4.3298778e-01   2.5900178e-01   2.7056369e-01   4.9618571e-01   5.7836671e-01
   4.3240273e-01   2.5869378e-01   2.7023906e-01   4.9548435e-01   5.7750068e-01
   4.3181900e-01   2.5838636e-01   2.6991504e-01   4.9478467e-01   5.7663693e-01
   4.3123659e-01   2.5807951e-01   2.6959164e-01   4.9408668e-01   5.7577542e-01
   4.3065549e-01   2.5777325e-01   2.6926886e-01   4.9339037e-01   5.7491617e-01
   4.3007570e-01   2.5746755e-01   2.6894669e-01   4.9269572e-01   5.7405916e-01
   4.2949721e-01   2.5716243e-01   2.6862513e-01   4.9200274e-01   5.7320438e-01
   4.2892002e-01   2.5685788e-01   2.6830418e-01   4.9131142e-01   5.7235181e-01
   4.2834412e-01   2.5655390e-01   2.6798383e-01   4.9062175e-01   5.7150147e-01
   4.2776951e-01   2.5625049e-01   2.6766410e-01   4.8993373e-01   5.7065332e-01
   4.2719619e-01   2.5594764e-01   2.6734497e-01   4.8924735e-01   5.6980737e-01
   4.2662415e-01   2.5564536e-01   2.6702644e-01   4.8856260e-01   5.6896361e-01
   4.2605339e-01   2.5534365e-01   2.6670851e-01   4.8787949e-01   5.6812203e-01
   4.2548390e-01   2.5504249e-01   2.6639119e-01   4.8719799e-01   5.6728261e-01
   4.2491567e-01   2.5474190e-01   2.6607446e-01   4.8651812e-01   5.6644536e-01
   4.2434872e-01   2.5444187e-01   2.6575833e-01   4.8583985e-01   5.6561026e-01
   4.2378302e-01   2.5414239e-01   2.6544279e-01   4.8516320e-01   5.6477730e-01
   4.2321858e-01   2.5384347e-01   2.6512785e-01   4.8448814e-01   5.6394648e-01
   4.2265539e-01   2.5354511e-01   2.6481350e-01   4.8381468e-01   5.6311778e-01
   4.2209345e-01   2.5324730e-01   2.6449974e-01   4.8314281e-01   5.6229121e-01
   4.2153275e-01   2.5295004e-01   2.6418657e-01   4.8247252e-01   5.6146674e-01
   4.2097330e-01   2.5265333e-01   2.6387398e-01   4.8180381e-01   5.6064438e-01
   4.2041507e-01   2.5235717e-01   2.6356198e-01   4.8113667e-01   5.5982411e-01
   4.1985809e-01   2.5206156e-01   2.6325057e-01   4.8047109e-01   5.5900593e-01
   4.1930232e-01   2.5176650e-01   2.6293974e-01   4.7980708e-01   5.5818983e-01
   4.1874779e-01   2.5147198e-01   2.6262949e-01   4.7914463e-01   5.5737579e-01
   4.1819447e-01   2.5117800e-01   2.6231982e-01   4.7848373e-01   5.5656382e-01
   4.1764237e-01   2.5088456e-01   2.6201073e-01   4.7782437e-01   5.5575390e-01
   4.1709148e-01   2.5059167e-01   2.6170221e-01   4.7716655e-01   5.5494603e-01
   4.1654180e-01   2.5029932e-01   2.6139427e-01   4.7651026e-01   5.5414020e-01
   4.1599332e-01   2.5000750e-01   2.6108691e-01   4.7585551e-01   5.5333640e-01
   4.1544605e-01   2.4971622e-01   2.6078011e-01   4.7520227e-01   5.5253462e-01
   4.1489997e-01   2.4942548e-01   2.6047389e-01   4.7455056e-01   5.5173485e-01
   4.1435508e-01   2.4913527e-01   2.6016824e-01   4.7390036e-01   5.5093710e-01
   4.1381138e-01   2.4884559e-01   2.5986315e-01   4.7325167e-01   5.5014134e-01
   4.1326887e-01   2.4855644e-01   2.5955863e-01   4.7260448e-01   5.4934757e-01
   4.1272753e-01   2.4826782e-01   2.5925467e-01   4.7195878e-01   5.4855579e-01
   4.1218738e-01   2.4797973e-01   2.5895128e-01   4.7131458e-01   5.4776599e-01
   4.1164840e-01   2.4769217e-01   2.5864845e-01   4.7067187e-01   5.4697816e-01
   4.1111059e-01   2.4740513e-01   2.5834618e-01   4.7003064e-01   5.4619228e-01
   4.1057394e-01   2.4711862e-01   2.5804446e-01   4.6939088e-01   5.4540837e-01
   4.1003846e-01   2.4683263e-01   2.5774331e-01   4.6875260e-01   5.4462639e-01
   4.0950413e-01   2.4654716e-01   2.5744271e-01   4.6811578e-01   5.4384636e-01
   4.0897096e-01   2.4626222e-01   2.5714266e-01   4.6748043e-01   5.4306826e-01
   4.0843895e-01   2.4597779e-01   2.5684317e-01   4.6684653e-01   5.4229209e-01
   4.0790808e-01   2.4569388e-01   2.5654423e-01   4.6621408e-01   5.4151784e-01
   4.0737835e-01   2.4541048e-01   2.5624584e-01   4.6558308e-01   5.4074549e-01
   4.0684976e-01   2.4512760e-01   2.5594800e-01   4.6495353e-01   5.3997505e-01
   4.0632232e-01   2.4484523e-01   2.5565071e-01   4.6432541e-01   5.3920651e-01
   4.0579600e-01   2.4456338e-01   2.5535396e-01   4.6369872e-01   5.3843985e-01
   4.0527082e-01   2.4428204e-01   2.5505776e-01   4.6307346e-01   5.3767508e-01
   4.0474676e-01   2.4400120e-01   2.5476210e-01   4.6244962e-01   5.3691218e-01
   4.0422382e-01   2.4372088e-01   2.5446698e-01   4.6182720e-01   5.3615116e-01
   4.0370200e-01   2.4344106e-01   2.5417240e-01   4.6120619e-01   5.3539199e-01
   4.0318130e-01   2.4316175e-01   2.5387836e-01   4.6058659e-01   5.3463468e-01
   4.0266171e-01   2.4288294e-01   2.5358486e-01   4.5996839e-01   5.3387921e-01
   4.0214323e-01   2.4260464e-01   2.5329189e-01   4.5935159e-01   5.3312559e-01
   4.0162585e-01   2.4232684e-01   2.5299946e-01   4.5873619e-01   5.3237380e-01
   4.0110958e-01   2.4204954e-01   2.5270756e-01   4.5812217e-01   5.3162384e-01
   4.0059440e-01   2.4177274e-01   2.5241620e-01   4.5750954e-01   5.3087570e-01
   4.0008032e-01   2.4149643e-01   2.5212536e-01   4.5689829e-01   5.3012937e-01
   3.9956733e-01   2.4122063e-01   2.5183506e-01   4.5628841e-01   5.2938485e-01
   3.9905543e-01   2.4094532e-01   2.5154528e-01   4.5567991e-01   5.2864213e-01
   3.9854461e-01   2.4067050e-01   2.5125603e-01   4.5507277e-01   5.2790121e-01
   3.9803488e-01   2.4039618e-01   2.5096730e-01   4.5446699e-01   5.2716207e-01
   3.9752622e-01   2.4012235e-01   2.5067910e-01   4.5386257e-01   5.2642472e-01
   3.9701863e-01   2.3984901e-01   2.5039142e-01   4.5325950e-01   5.2568914e-01
   3.9651212e-01   2.3957616e-01   2.5010426e-01   4.5265778e-01   5.2495532e-01
   3.9600668e-01   2.3930379e-01   2.4981762e-01   4.5205740e-01   5.2422327e-01
   3.9550230e-01   2.3903192e-01   2.4953150e-01   4.5145836e-01   5.2349297e-01
   3.9499898e-01   2.3876053e-01   2.4924590e-01   4.5086066e-01   5.2276443e-01
