   7.2215550e-01   3.5745921e-01   3.5708904e-01   6.9091936e-01   8.3617128e-01
   7.2341651e-01   3.5795235e-01   3.5757895e-01   6.9206615e-01   8.3768019e-01
   7.2468143e-01   3.5844659e-01   3.5806996e-01   6.9321632e-01   8.3919411e-01
   7.2595028e-01   3.5894192e-01   3.5856206e-01   6.9436988e-01   8.4071307e-01
   7.2722306e-01   3.5943836e-01   3.5905526e-01   6.9552685e-01   8.4223710e-01
   7.2849981e-01   3.5993591e-01   3.5954956e-01   6.9668723e-01   8.4376622e-01
   7.2978054e-01   3.6043456e-01   3.6004496e-01   6.9785105e-01   8.4530046e-01
   7.3106528e-01   3.6093433e-01   3.6054148e-01   6.9901832e-01   8.4683984e-01
   7.3235403e-01   3.6143522e-01   3.6103911e-01   7.0018906e-01   8.4838440e-01
   7.3364682e-01   3.6193723e-01   3.6153785e-01   7.0136328e-01   8.4993416e-01
   7.3494367e-01   3.6244036e-01   3.6203772e-01   7.0254100e-01   8.5148915e-01
   7.3624460e-01   3.6294462e-01   3.6253871e-01   7.0372224e-01   8.5304939e-01
   7.3754962e-01   3.6345001e-01   3.6304083e-01   7.0490701e-01   8.5461492e-01
   7.3885877e-01   3.6395654e-01   3.6354407e-01   7.0609533e-01   8.5618577e-01
   7.4017206e-01   3.6446421e-01   3.6404846e-01   7.0728721e-01   8.5776196e-01
   7.4148950e-01   3.6497302e-01   3.6455398e-01   7.0848267e-01   8.5934351e-01
   7.4281112e-01   3.6548297e-01   3.6506065e-01   7.0968173e-01   8.6093047e-01
   7.4413695e-01   3.6599408e-01   3.6556846e-01   7.1088440e-01   8.6252286e-01
   7.4546699e-01   3.6650634e-01   3.6607742e-01   7.1209071e-01   8.6412071e-01
   7.4680128e-01   3.6701976e-01   3.6658754e-01   7.1330066e-01   8.6572405e-01
   7.4813983e-01   3.6753434e-01   3.6709881e-01   7.1451428e-01   8.6733291e-01
   7.4948267e-01   3.6805008e-01   3.6761124e-01   7.1573159e-01   8.6894731e-01
   7.5082981e-01   3.6856700e-01   3.6812484e-01   7.1695259e-01   8.7056730e-01
   7.5218128e-01   3.6908508e-01   3.6863961e-01   7.1817731e-01   8.7219290e-01
   7.5353709e-01   3.6960435e-01   3.6915555e-01   7.1940577e-01   8.7382413e-01
   7.5489728e-01   3.7012479e-01   3.6967267e-01   7.2063798e-01   8.7546105e-01
   7.5626186e-01   3.7064642e-01   3.7019097e-01   7.2187395e-01   8.7710366e-01
   7.5763085e-01   3.7116924e-01   3.7071045e-01   7.2311372e-01   8.7875201e-01
   7.5900428e-01   3.7169324e-01   3.7123112e-01   7.2435730e-01   8.8040613e-01
   7.6038217e-01   3.7221845e-01   3.7175299e-01   7.2560470e-01   8.8206605e-01
   7.6176454e-01   3.7274485e-01   3.7227605e-01   7.2685594e-01   8.8373180e-01
   7.6315141e-01   3.7327246e-01   3.7280031e-01   7.2811104e-01   8.8540342e-01
   7.6454282e-01   3.7380128e-01   3.7332578e-01   7.2937003e-01   8.8708093e-01
   7.6593877e-01   3.7433130e-01   3.7385245e-01   7.3063291e-01   8.8876438e-01
   7.6733929e-01   3.7486255e-01   3.7438034e-01   7.3189971e-01   8.9045379e-01
   7.6874442e-01   3.7539501e-01   3.7490944e-01   7.3317045e-01   8.9214920e-01
   7.7015416e-01   3.7592869e-01   3.7543976e-01   7.3444514e-01   8.9385064e-01
   7.7156855e-01   3.7646361e-01   3.7597131e-01   7.3572381e-01   8.9555815e-01
   7.7298760e-01   3.7699976e-01   3.7650409e-01   7.3700647e-01   8.9727176e-01
   7.7441135e-01   3.7753714e-01   3.7703809e-01   7.3829315e-01   8.9899151e-01
   7.7583981e-01   3.7807576e-01   3.7757334e-01   7.3958385e-01   9.0071743e-01
   7.7727302e-01   3.7861563e-01   3.7810983e-01   7.4087861e-01   9.0244956e-01
   7.7871099e-01   3.7915674e-01   3.7864756e-01   7.4217745e-01   9.0418793e-01
   7.8015375e-01   3.7969911e-01   3.7918654e-01   7.4348037e-01   9.0593257e-01
   7.8160132e-01   3.8024273e-01   3.7972678e-01   7.4478741e-01   9.0768354e-01
   7.8305374e-01   3.8078762e-01   3.8026827e-01   7.4609858e-01   9.0944085e-01
   7.8451102e-01   3.8133377e-01   3.8081103e-01   7.4741391e-01   9.1120456e-01
   7.8597319e-01   3.8188118e-01   3.8135505e-01   7.4873341e-01   9.1297468e-01
   7.8744028e-01   3.8242988e-01   3.8190035e-01   7.5005710e-01   9.1475128e-01
   7.8891231e-01   3.8297985e-01   3.8244692e-01   7.5138501e-01   9.1653437e-01
   7.9038931e-01   3.8353110e-01   3.8299476e-01   7.5271715e-01   9.1832400e-01
   7.9187130e-01   3.8408364e-01   3.8354390e-01   7.5405355e-01   9.2012022e-01
   7.9335832e-01   3.8463747e-01   3.8409432e-01   7.5539423e-01   9.2192304e-01
   7.9485038e-01   3.8519259e-01   3.8464603e-01   7.5673921e-01   9.2373253e-01
   7.9634752e-01   3.8574901e-01   3.8519904e-01   7.5808852e-01   9.2554871e-01
   7.9784976e-01   3.8630674e-01   3.8575335e-01   7.5944216e-01   9.2737162e-01
   7.9935713e-01   3.8686578e-01   3.8630897e-01   7.6080017e-01   9.2920131e-01
   8.0086966e-01   3.8742612e-01   3.8686590e-01   7.6216257e-01   9.3103782e-01
   8.0238737e-01   3.8798779e-01   3.8742414e-01   7.6352938e-01   9.3288118e-01
   8.0391029e-01   3.8855077e-01   3.8798371e-01   7.6490062e-01   9.3473144e-01
   8.0543846e-01   3.8911509e-01   3.8854459e-01   7.6627631e-01   9.3658863e-01
   8.0697189e-01   3.8968073e-01   3.8910681e-01   7.6765648e-01   9.3845281e-01
   8.0851062e-01   3.9024771e-01   3.8967036e-01   7.6904115e-01   9.4032402e-01
   8.1005468e-01   3.9081602e-01   3.9023524e-01   7.7043034e-01   9.4220228e-01
   8.1160409e-01   3.9138569e-01   3.9080147e-01   7.7182408e-01   9.4408766e-01
   8.1315889e-01   3.9195670e-01   3.9136905e-01   7.7322239e-01   9.4598019e-01
   8.1471910e-01   3.9252906e-01   3.9193798e-01   7.7462529e-01   9.4787992e-01
   8.1628475e-01   3.9310278e-01   3.9250826e-01   7.7603281e-01   9.4978688e-01
   8.1785588e-01   3.9367786e-01   3.9307990e-01   7.7744497e-01   9.5170113e-01
   8.1943251e-01   3.9425431e-01   3.9365292e-01   7.7886179e-01   9.5362271e-01
   8.2101467e-01   3.9483214e-01   3.9422730e-01   7.8028330e-01   9.5555166e-01
   8.2260240e-01   3.9541134e-01   3.9480305e-01   7.8170952e-01   9.5748804e-01
   8.2419572e-01   3.9599192e-01   3.9538019e-01   7.8314048e-01   9.5943188e-01
   8.2579467e-01   3.9657388e-01   3.9595871e-01   7.8457620e-01   9.6138323e-01
   8.2739928e-01   3.9715724e-01   3.9653863e-01   7.8601671e-01   9.6334214e-01
   8.2900958e-01   3.9774200e-01   3.9711993e-01   7.8746203e-01   9.6530866e-01
   8.3062559e-01   3.9832815e-01   3.9770264e-01   7.8891219e-01   9.6728283e-01
   8.3224736e-01   3.9891571e-01   3.9828675e-01   7.9036721e-01   9.6926471e-01
   8.3387492e-01   3.9950468e-01   3.9887228e-01   7.9182712e-01   9.7125434e-01
   8.3550829e-01   4.0009506e-01   3.9945921e-01   7.9329194e-01   9.7325177e-01
   8.3714752e-01   4.0068687e-01   4.0004757e-01   7.9476170e-01   9.7525705e-01
   8.3879263e-01   4.0128010e-01   4.0063735e-01   7.9623643e-01   9.7727022e-01
   8.4044365e-01   4.0187476e-01   4.0122856e-01   7.9771615e-01   9.7929135e-01
   8.4210063e-01   4.0247085e-01   4.0182120e-01   7.9920089e-01   9.8132048e-01
   8.4376359e-01   4.0306839e-01   4.0241529e-01   8.0069068e-01   9.8335766e-01
   8.4543257e-01   4.0366736e-01   4.0301082e-01   8.0218554e-01   9.8540295e-01
   8.4710760e-01   4.0426779e-01   4.0360780e-01   8.0368550e-01   9.8745639e-01
   8.4878872e-01   4.0486968e-01   4.0420623e-01   8.0519059e-01   9.8951804e-01
   8.5047597e-01   4.0547302e-01   4.0480612e-01   8.0670083e-01   9.9158795e-01
   8.5216937e-01   4.0607783e-01   4.0540749e-01   8.0821626e-01   9.9366618e-01
   8.5386897e-01   4.0668411e-01   4.0601032e-01   8.0973690e-01   9.9575278e-01
   8.5557480e-01   4.0729187e-01   4.0661463e-01   8.1126278e-01   9.9784780e-01
   8.5728689e-01   4.0790111e-01   4.0722041e-01   8.1279392e-01   9.9995131e-01
   8.5900529e-01   4.0851183e-01   4.0782769e-01   8.1433037e-01   1.0020633e+00
   8.6073002e-01   4.0912404e-01   4.0843646e-01   8.1587214e-01   1.0041840e+00
   8.6246113e-01   4.0973775e-01   4.0904672e-01   8.1741926e-01   1.0063133e+00
   8.6419866e-01   4.1035297e-01   4.0965849e-01   8.1897177e-01   1.0084512e+00
   8.6594263e-01   4.1096969e-01   4.1027177e-01   8.2052969e-01   1.0105980e+00
   8.6769310e-01   4.1158792e-01   4.1088656e-01   8.2209306e-01   1.0127536e+00
   8.6945010e-01   4.1220767e-01   4.1150287e-01   8.2366190e-01   1.0149180e+00
   8.7121366e-01   4.1282894e-01   4.1212071e-01   8.2523624e-01   1.0170914e+00
   8.7298382e-01   4.1345174e-01   4.1274007e-01   8.2681612e-01   1.0192738e+00
   8.7476063e-01   4.1407608e-01   4.1336097e-01   8.2840156e-01   1.0214653e+00
   8.7654413e-01   4.1470196e-01   4.1398341e-01   8.2999260e-01   1.0236658e+00
   8.7833435e-01   4.1532938e-01   4.1460740e-01   8.3158927e-01   1.0258756e+00
   8.8013133e-01   4.1595835e-01   4.1523295e-01   8.3319160e-01   1.0280946e+00
   8.8193512e-01   4.1658888e-01   4.1586005e-01   8.3479961e-01   1.0303229e+00
   8.8374576e-01   4.1722097e-01   4.1648871e-01   8.3641335e-01   1.0325606e+00
   8.8556329e-01   4.1785463e-01   4.1711895e-01   8.3803285e-01   1.0348077e+00
   8.8738774e-01   4.1848986e-01   4.1775076e-01   8.3965813e-01   1.0370644e+00
   8.8921916e-01   4.1912667e-01   4.1838415e-01   8.4128924e-01   1.0393306e+00
   8.9105760e-01   4.1976506e-01   4.1901913e-01   8.4292620e-01   1.0416064e+00
   8.9290310e-01   4.2040505e-01   4.1965570e-01   8.4456904e-01   1.0438920e+00
   8.9475570e-01   4.2104663e-01   4.2029387e-01   8.4621781e-01   1.0461873e+00
   8.9661544e-01   4.2168981e-01   4.2093364e-01   8.4787253e-01   1.0484924e+00
   8.9848236e-01   4.2233460e-01   4.2157503e-01   8.4953323e-01   1.0508075e+00
   9.0035652e-01   4.2298100e-01   4.2221803e-01   8.5119996e-01   1.0531325e+00
   9.0223796e-01   4.2362902e-01   4.2286266e-01   8.5287275e-01   1.0554676e+00
   9.0412671e-01   4.2427867e-01   4.2350891e-01   8.5455163e-01   1.0578128e+00
   9.0602284e-01   4.2492995e-01   4.2415680e-01   8.5623664e-01   1.0601681e+00
   9.0792637e-01   4.2558286e-01   4.2480633e-01   8.5792781e-01   1.0625338e+00
   9.0983737e-01   4.2623742e-01   4.2545751e-01   8.5962518e-01   1.0649098e+00
   9.1175587e-01   4.2689363e-01   4.2611034e-01   8.6132879e-01   1.0672961e+00
   9.1368193e-01   4.2755149e-01   4.2676483e-01   8.6303867e-01   1.0696930e+00
   9.1561558e-01   4.2821101e-01   4.2742099e-01   8.6475485e-01   1.0721004e+00
   9.1755689e-01   4.2887220e-01   4.2807881e-01   8.6647739e-01   1.0745185e+00
   9.1950589e-01   4.2953506e-01   4.2873832e-01   8.6820630e-01   1.0769473e+00
   9.2146264e-01   4.3019961e-01   4.2939951e-01   8.6994163e-01   1.0793868e+00
   9.2342718e-01   4.3086584e-01   4.3006239e-01   8.7168343e-01   1.0818373e+00
   9.2539956e-01   4.3153376e-01   4.3072697e-01   8.7343172e-01   1.0842986e+00
   9.2737985e-01   4.3220337e-01   4.3139325e-01   8.7518654e-01   1.0867710e+00
   9.2936807e-01   4.3287470e-01   4.3206124e-01   8.7694794e-01   1.0892545e+00
   9.3136430e-01   4.3354773e-01   4.3273095e-01   8.7871596e-01   1.0917493e+00
   9.3336857e-01   4.3422248e-01   4.3340238e-01   8.8049062e-01   1.0942552e+00
   9.3538095e-01   4.3489896e-01   4.3407554e-01   8.8227198e-01   1.0967726e+00
   9.3740147e-01   4.3557716e-01   4.3475043e-01   8.8406007e-01   1.0993013e+00
   9.3943021e-01   4.3625710e-01   4.3542707e-01   8.8585494e-01   1.1018417e+00
   9.4146720e-01   4.3693878e-01   4.3610546e-01   8.8765662e-01   1.1043936e+00
   9.4351250e-01   4.3762222e-01   4.3678560e-01   8.8946516e-01   1.1069572e+00
   9.4556618e-01   4.3830740e-01   4.3746751e-01   8.9128059e-01   1.1095326e+00
   9.4762827e-01   4.3899435e-01   4.3815119e-01   8.9310297e-01   1.1121199e+00
   9.4969885e-01   4.3968307e-01   4.3883664e-01   8.9493232e-01   1.1147192e+00
   9.5177796e-01   4.4037357e-01   4.3952388e-01   8.9676871e-01   1.1173305e+00
   9.5386566e-01   4.4106585e-01   4.4021290e-01   8.9861216e-01   1.1199539e+00
   9.5596201e-01   4.4175991e-01   4.4090372e-01   9.0046272e-01   1.1225897e+00
   9.5806706e-01   4.4245577e-01   4.4159635e-01   9.0232043e-01   1.1252377e+00
   9.6018088e-01   4.4315344e-01   4.4229079e-01   9.0418535e-01   1.1278982e+00
   9.6230352e-01   4.4385291e-01   4.4298704e-01   9.0605751e-01   1.1305712e+00
   9.6443505e-01   4.4455420e-01   4.4368512e-01   9.0793696e-01   1.1332569e+00
   9.6657551e-01   4.4525732e-01   4.4438503e-01   9.0982375e-01   1.1359553e+00
   9.6872498e-01   4.4596226e-01   4.4508678e-01   9.1171792e-01   1.1386665e+00
   9.7088351e-01   4.4666904e-01   4.4579038e-01   9.1361951e-01   1.1413906e+00
   9.7305117e-01   4.4737767e-01   4.4649583e-01   9.1552858e-01   1.1441278e+00
   9.7522802e-01   4.4808814e-01   4.4720314e-01   9.1744517e-01   1.1468781e+00
   9.7741411e-01   4.4880047e-01   4.4791232e-01   9.1936932e-01   1.1496417e+00
   9.7960952e-01   4.4951467e-01   4.4862337e-01   9.2130110e-01   1.1524185e+00
   9.8181431e-01   4.5023074e-01   4.4933631e-01   9.2324053e-01   1.1552089e+00
   9.8402854e-01   4.5094869e-01   4.5005114e-01   9.2518768e-01   1.1580128e+00
   9.8625228e-01   4.5166853e-01   4.5076786e-01   9.2714260e-01   1.1608303e+00
   9.8848559e-01   4.5239026e-01   4.5148649e-01   9.2910532e-01   1.1636617e+00
   9.9072855e-01   4.5311389e-01   4.5220703e-01   9.3107591e-01   1.1665069e+00
   9.9298121e-01   4.5383943e-01   4.5292949e-01   9.3305441e-01   1.1693661e+00
   9.9524365e-01   4.5456689e-01   4.5365388e-01   9.3504088e-01   1.1722395e+00
   9.9751593e-01   4.5529627e-01   4.5438020e-01   9.3703536e-01   1.1751270e+00
   9.9979812e-01   4.5602758e-01   4.5510847e-01   9.3903791e-01   1.1780289e+00
   1.0020903e+00   4.5676082e-01   4.5583868e-01   9.4104858e-01   1.1809453e+00
   1.0043925e+00   4.5749602e-01   4.5657086e-01   9.4306742e-01   1.1838763e+00
   1.0067049e+00   4.5823316e-01   4.5730500e-01   9.4509449e-01   1.1868220e+00
   1.0090275e+00   4.5897227e-01   4.5804111e-01   9.4712984e-01   1.1897825e+00
   1.0113603e+00   4.5971335e-01   4.5877921e-01   9.4917352e-01   1.1927580e+00
   1.0137035e+00   4.6045640e-01   4.5951930e-01   9.5122560e-01   1.1957485e+00
   1.0160571e+00   4.6120144e-01   4.6026138e-01   9.5328612e-01   1.1987542e+00
   1.0184212e+00   4.6194846e-01   4.6100547e-01   9.5535514e-01   1.2017753e+00
   1.0207958e+00   4.6269749e-01   4.6175157e-01   9.5743272e-01   1.2048119e+00
   1.0231811e+00   4.6344852e-01   4.6249970e-01   9.5951891e-01   1.2078640e+00
   1.0255772e+00   4.6420157e-01   4.6324985e-01   9.6161378e-01   1.2109319e+00
   1.0279840e+00   4.6495665e-01   4.6400205e-01   9.6371738e-01   1.2140156e+00
   1.0304017e+00   4.6571375e-01   4.6475629e-01   9.6582976e-01   1.2171154e+00
   1.0328304e+00   4.6647289e-01   4.6551258e-01   9.6795100e-01   1.2202313e+00
   1.0352702e+00   4.6723408e-01   4.6627094e-01   9.7008115e-01   1.2233635e+00
   1.0377210e+00   4.6799732e-01   4.6703137e-01   9.7222026e-01   1.2265120e+00
   1.0401831e+00   4.6876263e-01   4.6779388e-01   9.7436840e-01   1.2296772e+00
   1.0426564e+00   4.6953001e-01   4.6855848e-01   9.7652564e-01   1.2328591e+00
   1.0451412e+00   4.7029947e-01   4.6932518e-01   9.7869203e-01   1.2360578e+00
   1.0476374e+00   4.7107102e-01   4.7009398e-01   9.8086764e-01   1.2392735e+00
   1.0501451e+00   4.7184466e-01   4.7086489e-01   9.8305252e-01   1.2425064e+00
   1.0526645e+00   4.7262041e-01   4.7163793e-01   9.8524675e-01   1.2457567e+00
   1.0551956e+00   4.7339827e-01   4.7241310e-01   9.8745039e-01   1.2490243e+00
   1.0577385e+00   4.7417825e-01   4.7319041e-01   9.8966351e-01   1.2523096e+00
   1.0602933e+00   4.7496036e-01   4.7396987e-01   9.9188616e-01   1.2556127e+00
   1.0628601e+00   4.7574461e-01   4.7475149e-01   9.9411842e-01   1.2589338e+00
   1.0654390e+00   4.7653101e-01   4.7553527e-01   9.9636036e-01   1.2622729e+00
   1.0680301e+00   4.7731957e-01   4.7632123e-01   9.9861203e-01   1.2656303e+00
   1.0706334e+00   4.7811028e-01   4.7710938e-01   1.0008735e+00   1.2690062e+00
   1.0732491e+00   4.7890318e-01   4.7789972e-01   1.0031449e+00   1.2724007e+00
   1.0758773e+00   4.7969825e-01   4.7869226e-01   1.0054262e+00   1.2758139e+00
   1.0785180e+00   4.8049551e-01   4.7948701e-01   1.0077175e+00   1.2792461e+00
   1.0811714e+00   4.8129498e-01   4.8028399e-01   1.0100190e+00   1.2826975e+00
   1.0838376e+00   4.8209665e-01   4.8108320e-01   1.0123306e+00   1.2861681e+00
   1.0865166e+00   4.8290054e-01   4.8188465e-01   1.0146524e+00   1.2896583e+00
   1.0892086e+00   4.8370665e-01   4.8268835e-01   1.0169845e+00   1.2931681e+00
   1.0919136e+00   4.8451501e-01   4.8349430e-01   1.0193271e+00   1.2966978e+00
   1.0946318e+00   4.8532560e-01   4.8430253e-01   1.0216800e+00   1.3002476e+00
   1.0973633e+00   4.8613845e-01   4.8511303e-01   1.0240436e+00   1.3038175e+00
   1.1001081e+00   4.8695357e-01   4.8592583e-01   1.0264177e+00   1.3074080e+00
   1.1028665e+00   4.8777095e-01   4.8674092e-01   1.0288025e+00   1.3110191e+00
   1.1056384e+00   4.8859062e-01   4.8755831e-01   1.0311981e+00   1.3146510e+00
   1.1084240e+00   4.8941258e-01   4.8837803e-01   1.0336046e+00   1.3183039e+00
   1.1112235e+00   4.9023684e-01   4.8920007e-01   1.0360219e+00   1.3219781e+00
   1.1140369e+00   4.9106341e-01   4.9002444e-01   1.0384503e+00   1.3256738e+00
   1.1168643e+00   4.9189230e-01   4.9085117e-01   1.0408898e+00   1.3293911e+00
   1.1197059e+00   4.9272352e-01   4.9168025e-01   1.0433404e+00   1.3331303e+00
   1.1225618e+00   4.9355708e-01   4.9251170e-01   1.0458023e+00   1.3368915e+00
   1.1254320e+00   4.9439299e-01   4.9334553e-01   1.0482755e+00   1.3406751e+00
   1.1283168e+00   4.9523125e-01   4.9418174e-01   1.0507602e+00   1.3444813e+00
   1.1312162e+00   4.9607188e-01   4.9502035e-01   1.0532564e+00   1.3483102e+00
   1.1341304e+00   4.9691490e-01   4.9586137e-01   1.0557641e+00   1.3521621e+00
   1.1370594e+00   4.9776029e-01   4.9670480e-01   1.0582836e+00   1.3560372e+00
   1.1400035e+00   4.9860809e-01   4.9755067e-01   1.0608148e+00   1.3599358e+00
   1.1429626e+00   4.9945830e-01   4.9839897e-01   1.0633579e+00   1.3638581e+00
   1.1459371e+00   5.0031092e-01   4.9924973e-01   1.0659130e+00   1.3678044e+00
   1.1489269e+00   5.0116597e-01   5.0010294e-01   1.0684801e+00   1.3717748e+00
   1.1519323e+00   5.0202346e-01   5.0095863e-01   1.0710593e+00   1.3757697e+00
   1.1549533e+00   5.0288340e-01   5.0181680e-01   1.0736508e+00   1.3797893e+00
   1.1579901e+00   5.0374580e-01   5.0267746e-01   1.0762546e+00   1.3838339e+00
   1.1610428e+00   5.0461066e-01   5.0354063e-01   1.0788709e+00   1.3879037e+00
   1.1641116e+00   5.0547801e-01   5.0440630e-01   1.0814996e+00   1.3919990e+00
   1.1671966e+00   5.0634785e-01   5.0527451e-01   1.0841410e+00   1.3961200e+00
   1.1702980e+00   5.0722019e-01   5.0614525e-01   1.0867951e+00   1.4002671e+00
   1.1734158e+00   5.0809504e-01   5.0701854e-01   1.0894620e+00   1.4044405e+00
   1.1765503e+00   5.0897241e-01   5.0789439e-01   1.0921418e+00   1.4086405e+00
   1.1797016e+00   5.0985232e-01   5.0877281e-01   1.0948347e+00   1.4128674e+00
   1.1828698e+00   5.1073477e-01   5.0965382e-01   1.0975407e+00   1.4171215e+00
   1.1860550e+00   5.1161977e-01   5.1053741e-01   1.1002599e+00   1.4214031e+00
   1.1892576e+00   5.1250734e-01   5.1142361e-01   1.1029925e+00   1.4257124e+00
   1.1924775e+00   5.1339749e-01   5.1231243e-01   1.1057385e+00   1.4300498e+00
   1.1957149e+00   5.1429022e-01   5.1320388e-01   1.1084981e+00   1.4344157e+00
   1.1989701e+00   5.1518555e-01   5.1409796e-01   1.1112713e+00   1.4388102e+00
   1.2022431e+00   5.1608350e-01   5.1499470e-01   1.1140583e+00   1.4432338e+00
   1.2055342e+00   5.1698406e-01   5.1589410e-01   1.1168592e+00   1.4476868e+00
   1.2088434e+00   5.1788726e-01   5.1679618e-01   1.1196741e+00   1.4521695e+00
   1.2121711e+00   5.1879310e-01   5.1770095e-01   1.1225031e+00   1.4566822e+00
   1.2155172e+00   5.1970160e-01   5.1860841e-01   1.1253463e+00   1.4612252e+00
   1.2188821e+00   5.2061277e-01   5.1951859e-01   1.1282039e+00   1.4657991e+00
   1.2222658e+00   5.2152661e-01   5.2043149e-01   1.1310760e+00   1.4704040e+00
   1.2256686e+00   5.2244315e-01   5.2134713e-01   1.1339627e+00   1.4750403e+00
   1.2290907e+00   5.2336238e-01   5.2226552e-01   1.1368640e+00   1.4797085e+00
   1.2325321e+00   5.2428433e-01   5.2318667e-01   1.1397803e+00   1.4844088e+00
   1.2359932e+00   5.2520901e-01   5.2411059e-01   1.1427114e+00   1.4891417e+00
   1.2394740e+00   5.2613643e-01   5.2503730e-01   1.1456577e+00   1.4939076e+00
   1.2429748e+00   5.2706659e-01   5.2596681e-01   1.1486192e+00   1.4987068e+00
   1.2464958e+00   5.2799952e-01   5.2689913e-01   1.1515960e+00   1.5035398e+00
   1.2500372e+00   5.2893522e-01   5.2783428e-01   1.1545883e+00   1.5084069e+00
   1.2535991e+00   5.2987371e-01   5.2877227e-01   1.1575962e+00   1.5133086e+00
   1.2571817e+00   5.3081500e-01   5.2971311e-01   1.1606198e+00   1.5182453e+00
   1.2607854e+00   5.3175909e-01   5.3065681e-01   1.1636594e+00   1.5232174e+00
   1.2644102e+00   5.3270602e-01   5.3160339e-01   1.1667149e+00   1.5282253e+00
   1.2680563e+00   5.3365577e-01   5.3255286e-01   1.1697866e+00   1.5332695e+00
   1.2717241e+00   5.3460838e-01   5.3350524e-01   1.1728746e+00   1.5383505e+00
   1.2754137e+00   5.3556385e-01   5.3446054e-01   1.1759791e+00   1.5434688e+00
   1.2791252e+00   5.3652219e-01   5.3541876e-01   1.1791001e+00   1.5486247e+00
   1.2828591e+00   5.3748342e-01   5.3637994e-01   1.1822379e+00   1.5538187e+00
   1.2866153e+00   5.3844756e-01   5.3734407e-01   1.1853925e+00   1.5590514e+00
   1.2903943e+00   5.3941460e-01   5.3831117e-01   1.1885642e+00   1.5643232e+00
   1.2941962e+00   5.4038457e-01   5.3928126e-01   1.1917530e+00   1.5696347e+00
   1.2980212e+00   5.4135748e-01   5.4025436e-01   1.1949592e+00   1.5749864e+00
   1.3018697e+00   5.4233334e-01   5.4123047e-01   1.1981829e+00   1.5803787e+00
   1.3057417e+00   5.4331217e-01   5.4220961e-01   1.2014242e+00   1.5858122e+00
   1.3096377e+00   5.4429398e-01   5.4319179e-01   1.2046834e+00   1.5912876e+00
   1.3135578e+00   5.4527879e-01   5.4417703e-01   1.2079605e+00   1.5968052e+00
   1.3175022e+00   5.4626660e-01   5.4516534e-01   1.2112557e+00   1.6023657e+00
   1.3214713e+00   5.4725743e-01   5.4615674e-01   1.2145693e+00   1.6079697e+00
   1.3254652e+00   5.4825129e-01   5.4715125e-01   1.2179013e+00   1.6136177e+00
   1.3294843e+00   5.4924820e-01   5.4814887e-01   1.2212520e+00   1.6193104e+00
   1.3335289e+00   5.5024818e-01   5.4914962e-01   1.2246215e+00   1.6250483e+00
   1.3375991e+00   5.5125123e-01   5.5015352e-01   1.2280100e+00   1.6308321e+00
   1.3416953e+00   5.5225737e-01   5.5116058e-01   1.2314176e+00   1.6366625e+00
   1.3458177e+00   5.5326661e-01   5.5217082e-01   1.2348447e+00   1.6425400e+00
   1.3499667e+00   5.5427898e-01   5.5318426e-01   1.2382912e+00   1.6484653e+00
   1.3541425e+00   5.5529447e-01   5.5420090e-01   1.2417574e+00   1.6544392e+00
   1.3583454e+00   5.5631312e-01   5.5522076e-01   1.2452436e+00   1.6604622e+00
   1.3625758e+00   5.5733492e-01   5.5624387e-01   1.2487499e+00   1.6665352e+00
   1.3668338e+00   5.5835991e-01   5.5727023e-01   1.2522764e+00   1.6726588e+00
   1.3711199e+00   5.5938808e-01   5.5829986e-01   1.2558234e+00   1.6788337e+00
   1.3754343e+00   5.6041946e-01   5.5933277e-01   1.2593911e+00   1.6850608e+00
   1.3797773e+00   5.6145407e-01   5.6036900e-01   1.2629797e+00   1.6913407e+00
   1.3841494e+00   5.6249191e-01   5.6140854e-01   1.2665894e+00   1.6976743e+00
   1.3885507e+00   5.6353300e-01   5.6245141e-01   1.2702204e+00   1.7040624e+00
   1.3929817e+00   5.6457736e-01   5.6349764e-01   1.2738728e+00   1.7105058e+00
   1.3974426e+00   5.6562500e-01   5.6454724e-01   1.2775470e+00   1.7170053e+00
   1.4019339e+00   5.6667594e-01   5.6560022e-01   1.2812431e+00   1.7235617e+00
   1.4064559e+00   5.6773019e-01   5.6665660e-01   1.2849614e+00   1.7301760e+00
   1.4110088e+00   5.6878777e-01   5.6771641e-01   1.2887020e+00   1.7368491e+00
   1.4155932e+00   5.6984869e-01   5.6877965e-01   1.2924653e+00   1.7435818e+00
   1.4202094e+00   5.7091298e-01   5.6984634e-01   1.2962513e+00   1.7503751e+00
   1.4248576e+00   5.7198064e-01   5.7091650e-01   1.3000604e+00   1.7572300e+00
   1.4295384e+00   5.7305169e-01   5.7199015e-01   1.3038928e+00   1.7641474e+00
   1.4342521e+00   5.7412616e-01   5.7306731e-01   1.3077487e+00   1.7711284e+00
   1.4389991e+00   5.7520404e-01   5.7414799e-01   1.3116284e+00   1.7781739e+00
   1.4437798e+00   5.7628537e-01   5.7523221e-01   1.3155321e+00   1.7852851e+00
   1.4485946e+00   5.7737016e-01   5.7631998e-01   1.3194600e+00   1.7924629e+00
   1.4534440e+00   5.7845842e-01   5.7741134e-01   1.3234125e+00   1.7997086e+00
   1.4583283e+00   5.7955017e-01   5.7850629e-01   1.3273897e+00   1.8070232e+00
   1.4632480e+00   5.8064543e-01   5.7960485e-01   1.3313920e+00   1.8144079e+00
   1.4682035e+00   5.8174422e-01   5.8070705e-01   1.3354195e+00   1.8218638e+00
   1.4731953e+00   5.8284655e-01   5.8181289e-01   1.3394726e+00   1.8293923e+00
   1.4782238e+00   5.8395243e-01   5.8292240e-01   1.3435516e+00   1.8369945e+00
   1.4832894e+00   5.8506189e-01   5.8403560e-01   1.3476566e+00   1.8446718e+00
   1.4883928e+00   5.8617495e-01   5.8515251e-01   1.3517881e+00   1.8524254e+00
   1.4935343e+00   5.8729162e-01   5.8627314e-01   1.3559462e+00   1.8602567e+00
   1.4987144e+00   5.8841191e-01   5.8739752e-01   1.3601312e+00   1.8681671e+00
   1.5039337e+00   5.8953585e-01   5.8852566e-01   1.3643436e+00   1.8761580e+00
   1.5091925e+00   5.9066346e-01   5.8965758e-01   1.3685834e+00   1.8842309e+00
   1.5144916e+00   5.9179475e-01   5.9079331e-01   1.3728512e+00   1.8923872e+00
   1.5198313e+00   5.9292974e-01   5.9193286e-01   1.3771471e+00   1.9006286e+00
   1.5252123e+00   5.9406845e-01   5.9307625e-01   1.3814715e+00   1.9089566e+00
   1.5306350e+00   5.9521089e-01   5.9422351e-01   1.3858246e+00   1.9173728e+00
   1.5361001e+00   5.9635709e-01   5.9537465e-01   1.3902069e+00   1.9258789e+00
   1.5416080e+00   5.9750707e-01   5.9652970e-01   1.3946186e+00   1.9344766e+00
   1.5471595e+00   5.9866083e-01   5.9768866e-01   1.3990601e+00   1.9431678e+00
   1.5527550e+00   5.9981841e-01   5.9885158e-01   1.4035317e+00   1.9519542e+00
   1.5583952e+00   6.0097982e-01   6.0001846e-01   1.4080338e+00   1.9608378e+00
   1.5640807e+00   6.0214508e-01   6.0118932e-01   1.4125667e+00   1.9698204e+00
   1.5698122e+00   6.0331421e-01   6.0236420e-01   1.4171307e+00   1.9789041e+00
   1.5755902e+00   6.0448722e-01   6.0354310e-01   1.4217263e+00   1.9880909e+00
   1.5814154e+00   6.0566415e-01   6.0472605e-01   1.4263538e+00   1.9973830e+00
   1.5872886e+00   6.0684500e-01   6.0591308e-01   1.4310135e+00   2.0067825e+00
   1.5932103e+00   6.0802980e-01   6.0710420e-01   1.4357058e+00   2.0162918e+00
   1.5991813e+00   6.0921857e-01   6.0829944e-01   1.4404312e+00   2.0259131e+00
   1.6052023e+00   6.1041132e-01   6.0949882e-01   1.4451900e+00   2.0356490e+00
   1.6112741e+00   6.1160808e-01   6.1070236e-01   1.4499826e+00   2.0455018e+00
   1.6173973e+00   6.1280887e-01   6.1191008e-01   1.4548095e+00   2.0554742e+00
   1.6235727e+00   6.1401371e-01   6.1312200e-01   1.4596710e+00   2.0655689e+00
   1.6298011e+00   6.1522261e-01   6.1433816e-01   1.4645675e+00   2.0757886e+00
   1.6360834e+00   6.1643561e-01   6.1555857e-01   1.4694996e+00   2.0861363e+00
   1.6424202e+00   6.1765272e-01   6.1678325e-01   1.4744675e+00   2.0966148e+00
   1.6488125e+00   6.1887395e-01   6.1801224e-01   1.4794718e+00   2.1072274e+00
   1.6552611e+00   6.2009935e-01   6.1924554e-01   1.4845130e+00   2.1179773e+00
   1.6617668e+00   6.2132891e-01   6.2048319e-01   1.4895914e+00   2.1288677e+00
   1.6683306e+00   6.2256267e-01   6.2172521e-01   1.4947075e+00   2.1399023e+00
   1.6749534e+00   6.2380065e-01   6.2297163e-01   1.4998619e+00   2.1510848e+00
   1.6816360e+00   6.2504287e-01   6.2422246e-01   1.5050549e+00   2.1624188e+00
   1.6883795e+00   6.2628935e-01   6.2547774e-01   1.5102871e+00   2.1739087e+00
   1.6951847e+00   6.2754012e-01   6.2673749e-01   1.5155591e+00   2.1855586e+00
   1.7020528e+00   6.2879518e-01   6.2800173e-01   1.5208712e+00   2.1973732e+00
   1.7089847e+00   6.3005458e-01   6.2927048e-01   1.5262240e+00   2.2093578e+00
   1.7159815e+00   6.3131833e-01   6.3054378e-01   1.5316181e+00   2.2215191e+00
   1.7230442e+00   6.3258645e-01   6.3182165e-01   1.5370540e+00   2.2338769e+00
   1.7301740e+00   6.3385897e-01   6.3310412e-01   1.5425322e+00   2.2463904e+00
   1.7373719e+00   6.3513591e-01   6.3439120e-01   1.5480534e+00   2.2590910e+00
   1.7446392e+00   6.3641729e-01   6.3568293e-01   1.5536179e+00   2.2719855e+00
   1.7519770e+00   6.3770314e-01   6.3697934e-01   1.5592266e+00   2.2850771e+00
   1.7593864e+00   6.3899348e-01   6.3828044e-01   1.5648799e+00   2.2983735e+00
   1.7668689e+00   6.4028834e-01   6.3958628e-01   1.5705784e+00   2.3118808e+00
   1.7744256e+00   6.4158773e-01   6.4089686e-01   1.5763228e+00   2.3256053e+00
   1.7820578e+00   6.4289168e-01   6.4221223e-01   1.5821137e+00   2.3395550e+00
   1.7897670e+00   6.4420022e-01   6.4353241e-01   1.5879517e+00   2.3537365e+00
   1.7975544e+00   6.4551338e-01   6.4485742e-01   1.5938375e+00   2.3681533e+00
   1.8054215e+00   6.4683116e-01   6.4618730e-01   1.5997718e+00   2.3828187e+00
   1.8133698e+00   6.4815361e-01   6.4752207e-01   1.6057551e+00   2.3977394e+00
   1.8214007e+00   6.4948075e-01   6.4886176e-01   1.6117883e+00   2.4129211e+00
   1.8295159e+00   6.5081259e-01   6.5020640e-01   1.6178721e+00   2.4283773e+00
   1.8377168e+00   6.5214918e-01   6.5155602e-01   1.6240071e+00   2.4441132e+00
   1.8460052e+00   6.5349052e-01   6.5291064e-01   1.6301940e+00   2.4601422e+00
   1.8543826e+00   6.5483665e-01   6.5427031e-01   1.6364338e+00   2.4764722e+00
   1.8628509e+00   6.5618760e-01   6.5563504e-01   1.6427270e+00   2.4931156e+00
   1.8714118e+00   6.5754339e-01   6.5700487e-01   1.6490745e+00   2.5100810e+00
   1.8800672e+00   6.5890404e-01   6.5837983e-01   1.6554771e+00   2.5273824e+00
   1.8888189e+00   6.6026959e-01   6.5975994e-01   1.6619356e+00   2.5450326e+00
   1.8976688e+00   6.6164006e-01   6.6114525e-01   1.6684509e+00   2.5630431e+00
   1.9066191e+00   6.6301548e-01   6.6253577e-01   1.6750237e+00   2.5814270e+00
   1.9156718e+00   6.6439587e-01   6.6393154e-01   1.6816550e+00   2.6001991e+00
   1.9248290e+00   6.6578126e-01   6.6533260e-01   1.6883457e+00   2.6193740e+00
   1.9340929e+00   6.6717168e-01   6.6673897e-01   1.6950966e+00   2.6389664e+00
   1.9434659e+00   6.6856716e-01   6.6815068e-01   1.7019087e+00   2.6589912e+00
   1.9529503e+00   6.6996773e-01   6.6956778e-01   1.7087830e+00   2.6794654e+00
   1.9625485e+00   6.7137341e-01   6.7099029e-01   1.7157203e+00   2.7004048e+00
   1.9722631e+00   6.7278423e-01   6.7241824e-01   1.7227218e+00   2.7218286e+00
   1.9820968e+00   6.7420023e-01   6.7385166e-01   1.7297884e+00   2.7437532e+00
   1.9920522e+00   6.7562143e-01   6.7529060e-01   1.7369212e+00   2.7661976e+00
   2.0021323e+00   6.7704785e-01   6.7673509e-01   1.7441211e+00   2.7891779e+00
   2.0123399e+00   6.7847954e-01   6.7818515e-01   1.7513894e+00   2.8127168e+00
   2.0226782e+00   6.7991651e-01   6.7964083e-01   1.7587271e+00   2.8368328e+00
   2.0331504e+00   6.8135880e-01   6.8110215e-01   1.7661354e+00   2.8615440e+00
   2.0437599e+00   6.8280644e-01   6.8256916e-01   1.7736153e+00   2.8868722e+00
   2.0545103e+00   6.8425946e-01   6.8404189e-01   1.7811682e+00   2.9128378e+00
   2.0654053e+00   6.8571789e-01   6.8552037e-01   1.7887953e+00   2.9394599e+00
   2.0764491e+00   6.8718177e-01   6.8700464e-01   1.7964977e+00   2.9667600e+00
   2.0876464e+00   6.8865111e-01   6.8849474e-01   1.8042768e+00   2.9947575e+00
   2.0990034e+00   6.9012596e-01   6.8999071e-01   1.8121338e+00   3.0234752e+00
   2.1105360e+00   6.9160634e-01   6.9149257e-01   1.8200702e+00   3.0529272e+00
   2.1222079e+00   6.9309229e-01   6.9300038e-01   1.8280873e+00   3.0831366e+00
   2.1340484e+00   6.9458384e-01   6.9451416e-01   1.8361865e+00   3.1141218e+00
   2.1460621e+00   6.9608102e-01   6.9603395e-01   1.8443693e+00   3.1459000e+00
   2.1582551e+00   6.9758386e-01   6.9755980e-01   1.8526371e+00   3.1784845e+00
   2.1706288e+00   6.9909240e-01   6.9909174e-01   1.8609915e+00   3.2118956e+00
   2.1831921e+00   7.0060667e-01   7.0062981e-01   1.8694341e+00   3.2461413e+00
   2.1959494e+00   7.0212671e-01   7.0217405e-01   1.8779664e+00   3.2812392e+00
   2.2089068e+00   7.0365254e-01   7.0372450e-01   1.8865901e+00   3.3171966e+00
   2.2220679e+00   7.0518420e-01   7.0528120e-01   1.8953069e+00   3.3540208e+00
   2.2354443e+00   7.0672173e-01   7.0684420e-01   1.9041184e+00   3.3917182e+00
   2.2490373e+00   7.0826516e-01   7.0841352e-01   1.9130266e+00   3.4302916e+00
   2.2628573e+00   7.0981452e-01   7.0998923e-01   1.9220332e+00   3.4697379e+00
   2.2769107e+00   7.1136986e-01   7.1157135e-01   1.9311402e+00   3.5100568e+00
   2.2912040e+00   7.1293120e-01   7.1315992e-01   1.9403493e+00   3.5512401e+00
   2.3057462e+00   7.1449858e-01   7.1475500e-01   1.9496627e+00   3.5932730e+00
   2.3205447e+00   7.1607204e-01   7.1635663e-01   1.9590824e+00   3.6361446e+00
   2.3356093e+00   7.1765161e-01   7.1796484e-01   1.9686104e+00   3.6798308e+00
   2.3509514e+00   7.1923733e-01   7.1957969e-01   1.9782490e+00   3.7243097e+00
   2.3665729e+00   7.2082925e-01   7.2120121e-01   1.9880003e+00   3.7695467e+00
   2.3824912e+00   7.2242738e-01   7.2282946e-01   1.9978666e+00   3.8155117e+00
   2.3987128e+00   7.2403178e-01   7.2446448e-01   2.0078504e+00   3.8621580e+00
   2.4152504e+00   7.2564248e-01   7.2610630e-01   2.0179539e+00   3.9094422e+00
   2.4321145e+00   7.2725951e-01   7.2775499e-01   2.0281798e+00   3.9573091e+00
   2.4493159e+00   7.2888292e-01   7.2941059e-01   2.0385306e+00   4.0056970e+00
   2.4668674e+00   7.3051275e-01   7.3107314e-01   2.0490089e+00   4.0545433e+00
   2.4847824e+00   7.3214904e-01   7.3274269e-01   2.0596174e+00   4.1037749e+00
   2.5030720e+00   7.3379181e-01   7.3441930e-01   2.0703591e+00   4.1533063e+00
   2.5217519e+00   7.3544113e-01   7.3610300e-01   2.0812367e+00   4.2030499e+00
   2.5408323e+00   7.3709701e-01   7.3779385e-01   2.0922533e+00   4.2529231e+00
   2.5603329e+00   7.3875951e-01   7.3949190e-01   2.1034120e+00   4.3028049e+00
   2.5802650e+00   7.4042867e-01   7.4119720e-01   2.1147160e+00   4.3526077e+00
   2.6006458e+00   7.4210452e-01   7.4290980e-01   2.1261686e+00   4.4022054e+00
   2.6214882e+00   7.4378712e-01   7.4462975e-01   2.1377731e+00   4.4514776e+00
   2.6428121e+00   7.4547649e-01   7.4635711e-01   2.1495331e+00   4.5002995e+00
   2.6646298e+00   7.4717269e-01   7.4809192e-01   2.1614523e+00   4.5485357e+00
   2.6869622e+00   7.4887575e-01   7.4983424e-01   2.1735343e+00   4.5960506e+00
   2.7098238e+00   7.5058572e-01   7.5158413e-01   2.1857831e+00   4.6426799e+00
   2.7332326e+00   7.5230265e-01   7.5334163e-01   2.1982028e+00   4.6882960e+00
   2.7572057e+00   7.5402657e-01   7.5510680e-01   2.2107974e+00   4.7327346e+00
   2.7817628e+00   7.5575753e-01   7.5687971e-01   2.2235714e+00   4.7758165e+00
   2.8069172e+00   7.5749558e-01   7.5866039e-01   2.2365291e+00   4.8174064e+00
   2.8326891e+00   7.5924075e-01   7.6044892e-01   2.2496753e+00   4.8573331e+00
   2.8590958e+00   7.6099311e-01   7.6224535e-01   2.2630146e+00   4.8954202e+00
   2.8861553e+00   7.6275268e-01   7.6404973e-01   2.2765522e+00   4.9315066e+00
   2.9138826e+00   7.6451952e-01   7.6586213e-01   2.2902931e+00   4.9654201e+00
   2.9422927e+00   7.6629368e-01   7.6768260e-01   2.3042428e+00   4.9969918e+00
   2.9714019e+00   7.6807520e-01   7.6951121e-01   2.3184069e+00   5.0260742e+00
   3.0012295e+00   7.6986413e-01   7.7134801e-01   2.3327911e+00   5.0524250e+00
   3.0317824e+00   7.7166051e-01   7.7319307e-01   2.3474014e+00   5.0759858e+00
   3.0630774e+00   7.7346440e-01   7.7504645e-01   2.3622442e+00   5.0965033e+00
   3.0951252e+00   7.7527584e-01   7.7690821e-01   2.3773259e+00   5.1138962e+00
   3.1279357e+00   7.7709489e-01   7.7877842e-01   2.3926534e+00   5.1279921e+00
   3.1615176e+00   7.7892159e-01   7.8065714e-01   2.4082338e+00   5.1386452e+00
   3.1958772e+00   7.8075600e-01   7.8254444e-01   2.4240743e+00   5.1457239e+00
   3.2310165e+00   7.8259816e-01   7.8444037e-01   2.4401828e+00   5.1491212e+00
   3.2669412e+00   7.8444812e-01   7.8634502e-01   2.4565673e+00   5.1487049e+00
   3.3036479e+00   7.8630595e-01   7.8825844e-01   2.4732361e+00   5.1443754e+00
   3.3411354e+00   7.8817168e-01   7.9018071e-01   2.4901980e+00   5.1360233e+00
   3.3793935e+00   7.9004537e-01   7.9211189e-01   2.5074623e+00   5.1236038e+00
   3.4184162e+00   7.9192708e-01   7.9405206e-01   2.5250384e+00   5.1070318e+00
   3.4581910e+00   7.9381685e-01   7.9600128e-01   2.5429365e+00   5.0862680e+00
   3.4986960e+00   7.9571475e-01   7.9795963e-01   2.5611671e+00   5.0612662e+00
   3.5399171e+00   7.9762083e-01   7.9992719e-01   2.5797412e+00   5.0319934e+00
   3.5818214e+00   7.9953513e-01   8.0190401e-01   2.5986705e+00   4.9984605e+00
   3.6243832e+00   8.0145773e-01   8.0389019e-01   2.6179671e+00   4.9606279e+00
   3.6675689e+00   8.0338867e-01   8.0588579e-01   2.6376438e+00   4.9185738e+00
   3.7113435e+00   8.0532801e-01   8.0789090e-01   2.6577142e+00   4.8723091e+00
   3.7556528e+00   8.0727581e-01   8.0990559e-01   2.6781924e+00   4.8219115e+00
   3.8004519e+00   8.0923212e-01   8.1192994e-01   2.6990934e+00   4.7674108e+00
   3.8456870e+00   8.1119701e-01   8.1396403e-01   2.7204331e+00   4.7089039e+00
   3.8912969e+00   8.1317053e-01   8.1600794e-01   2.7422282e+00   4.6464989e+00
   3.9372158e+00   8.1515274e-01   8.1806176e-01   2.7644963e+00   4.5803467e+00
   3.9833696e+00   8.1714370e-01   8.2012556e-01   2.7872563e+00   4.5104882e+00
   4.0296840e+00   8.1914348e-01   8.2219944e-01   2.8105280e+00   4.4371588e+00
   4.0760811e+00   8.2115213e-01   8.2428348e-01   2.8343327e+00   4.3604237e+00
   4.1224473e+00   8.2316972e-01   8.2637777e-01   2.8586929e+00   4.2805114e+00
   4.1687129e+00   8.2519631e-01   8.2848240e-01   2.8836325e+00   4.1975992e+00
   4.2147885e+00   8.2723196e-01   8.3059745e-01   2.9091774e+00   4.1118514e+00
   4.2605158e+00   8.2927673e-01   8.3272302e-01   2.9353552e+00   4.0234890e+00
   4.3058245e+00   8.3133070e-01   8.3485921e-01   2.9621955e+00   3.9326956e+00
   4.3505891e+00   8.3339391e-01   8.3700611e-01   2.9897305e+00   3.8397073e+00
   4.3946938e+00   8.3546645e-01   8.3916381e-01   3.0179950e+00   3.7447259e+00
   4.4380037e+00   8.3754838e-01   8.4133243e-01   3.0470276e+00   3.6480024e+00
   4.4803918e+00   8.3963976e-01   8.4351205e-01   3.0768726e+00   3.5497320e+00
   4.5217248e+00   8.4174066e-01   8.4570278e-01   3.1076073e+00   3.4501722e+00
   4.5618609e+00   8.4385115e-01   8.4790474e-01   3.1391872e+00   3.3495637e+00
   4.6006700e+00   8.4597129e-01   8.5011802e-01   3.1717177e+00   3.2480811e+00
   4.6379926e+00   8.4810117e-01   8.5234275e-01   3.2052474e+00   3.1460270e+00
   4.6737009e+00   8.5024084e-01   8.5457903e-01   3.2398417e+00   3.0436044e+00
   4.7076365e+00   8.5239039e-01   8.5682701e-01   3.2755650e+00   2.9410473e+00
   4.7396762e+00   8.5454987e-01   8.5908679e-01   3.3124886e+00   2.8385593e+00
   4.7696372e+00   8.5671937e-01   8.6135853e-01   3.3506957e+00   2.7363834e+00
   4.7974013e+00   8.5889896e-01   8.6364237e-01   3.3902685e+00   2.6347387e+00
   4.8228177e+00   8.6108870e-01   8.6593849e-01   3.4313036e+00   2.5337772e+00
   4.8457548e+00   8.6328869e-01   8.6824710e-01   3.4739053e+00   2.4337435e+00
   4.8660602e+00   8.6549898e-01   8.7056851e-01   3.5181882e+00   2.3348304e+00
   4.8836216e+00   8.6771967e-01   8.7290329e-01   3.5642671e+00   2.2371821e+00
   4.8982806e+00   8.6995082e-01   8.7525446e-01   3.6122833e+00   2.1410004e+00
   4.9099266e+00   8.7219251e-01   8.7761279e-01   3.6623753e+00   2.0464041e+00
   4.9184444e+00   8.7444483e-01   8.7998254e-01   3.7147001e+00   1.9535916e+00
   4.9237340e+00   8.7670785e-01   8.8236441e-01   3.7694200e+00   1.8626617e+00
   4.9256857e+00   8.7898165e-01   8.8475985e-01   3.8267088e+00   1.7737411e+00
   4.9241764e+00   8.8126632e-01   8.8716833e-01   3.8867495e+00   1.6869888e+00
   4.9191667e+00   8.8356193e-01   8.8959019e-01   3.9497294e+00   1.6024110e+00
   4.9105457e+00   8.8586857e-01   8.9202417e-01   4.0158480e+00   1.5201801e+00
   4.8983237e+00   8.8818633e-01   8.9447287e-01   4.0852956e+00   1.4403495e+00
   4.8823555e+00   8.9051529e-01   8.9693449e-01   4.1582742e+00   1.3629793e+00
   4.8626351e+00   8.9285553e-01   8.9941014e-01   4.2349633e+00   1.2881353e+00
   4.8390022e+00   8.9520714e-01   9.0189969e-01   4.3155458e+00   1.2158356e+00
   4.8116557e+00   8.9757022e-01   9.0440320e-01   4.4001781e+00   1.1461422e+00
   4.7805001e+00   8.9994484e-01   9.0692077e-01   4.4889889e+00   1.0790481e+00
   4.7455391e+00   9.0233110e-01   9.0945332e-01   4.5820805e+00   1.0145796e+00
   4.7067866e+00   9.0472908e-01   9.1199912e-01   4.6795097e+00   9.5273939e-01
   4.6644661e+00   9.0713889e-01   9.1456061e-01   4.7812670e+00   8.9351284e-01
   4.6180706e+00   9.0956061e-01   9.1713610e-01   4.8873004e+00   8.3687812e-01
   4.5682113e+00   9.1199434e-01   9.1972684e-01   4.9974658e+00   7.8281934e-01
   4.5147681e+00   9.1444018e-01   9.2233202e-01   5.1115387e+00   7.3130346e-01
   4.4578437e+00   9.1689820e-01   9.2495364e-01   5.2291999e+00   6.8228940e-01
   4.3975221e+00   9.1936853e-01   9.2758972e-01   5.3500121e+00   6.3573472e-01
   4.3338822e+00   9.2185125e-01   9.3024130e-01   5.4734312e+00   5.9157893e-01
   4.2671086e+00   9.2434645e-01   9.3290899e-01   5.5987912e+00   5.4977277e-01
   4.1972770e+00   9.2685426e-01   9.3559278e-01   5.7252946e+00   5.1024580e-01
   4.1245479e+00   9.2937475e-01   9.3829158e-01   5.8520020e+00   4.7294767e-01
   4.0490627e+00   9.3190804e-01   9.4100754e-01   5.9778532e+00   4.3779354e-01
   3.9710103e+00   9.3445424e-01   9.4373941e-01   6.1016695e+00   4.0471918e-01
   3.8905266e+00   9.3701343e-01   9.4648813e-01   6.2221160e+00   3.7365087e-01
   3.8077945e+00   9.3958574e-01   9.4925373e-01   6.3378055e+00   3.4451530e-01
   3.7230075e+00   9.4217127e-01   9.5203615e-01   6.4472058e+00   3.1723096e-01
   3.6363224e+00   9.4477013e-01   9.5483544e-01   6.5487438e+00   2.9171596e-01
   3.5479723e+00   9.4738242e-01   9.5765247e-01   6.6408294e+00   2.6790319e-01
   3.4581315e+00   9.5000827e-01   9.6048720e-01   6.7216776e+00   2.4570652e-01
   3.3669709e+00   9.5264777e-01   9.6333882e-01   6.7897982e+00   2.2504584e-01
   3.2747532e+00   9.5530105e-01   9.6620955e-01   6.8435310e+00   2.0585311e-01
   3.1816253e+00   9.5796822e-01   9.6909712e-01   6.8813787e+00   1.8804511e-01
   3.0878189e+00   9.6064940e-01   9.7200338e-01   6.9019291e+00   1.7154658e-01
   2.9934950e+00   9.6334471e-01   9.7492924e-01   6.9039552e+00   1.5628775e-01
   2.8988902e+00   9.6605426e-01   9.7787286e-01   6.8863440e+00   1.4219737e-01
   2.8041921e+00   9.6877817e-01   9.8083537e-01   6.8483225e+00   1.2920223e-01
   2.7095848e+00   9.7151657e-01   9.8381779e-01   6.7892052e+00   1.1723939e-01
   2.6152716e+00   9.7426959e-01   9.8681892e-01   6.7087130e+00   1.0624225e-01
   2.5214400e+00   9.7703734e-01   9.8984009e-01   6.6067681e+00   9.6145339e-02
   2.4281916e+00   9.7981996e-01   9.9288048e-01   6.4836306e+00   8.6892736e-02
   2.3357831e+00   9.8261757e-01   9.9594167e-01   6.3398005e+00   7.8424954e-02
   2.2443429e+00   9.8543030e-01   9.9902359e-01   6.1762289e+00   7.0685907e-02
   2.1540401e+00   9.8825829e-01   1.0021252e+00   5.9938707e+00   6.3625754e-02
   2.0649955e+00   9.9110166e-01   1.0052486e+00   5.7941057e+00   5.7195283e-02
   1.9774486e+00   9.9396056e-01   1.0083924e+00   5.5786739e+00   5.1342728e-02
   1.8912751e+00   9.9683511e-01   1.0115584e+00   5.3493638e+00   4.6027069e-02
   1.8068331e+00   9.9972547e-01   1.0147445e+00   5.1081818e+00   4.1209837e-02
   1.7241751e+00   1.0026318e+00   1.0179538e+00   4.8572767e+00   3.6842452e-02
   1.6433682e+00   1.0055541e+00   1.0211845e+00   4.5989047e+00   3.2894325e-02
   1.5645350e+00   1.0084927e+00   1.0244388e+00   4.3354044e+00   2.9329848e-02
   1.4877226e+00   1.0114477e+00   1.0277140e+00   4.0687813e+00   2.6117761e-02
   1.4130322e+00   1.0144192e+00   1.0310134e+00   3.8015676e+00   2.3222634e-02
   1.3405006e+00   1.0174073e+00   1.0343362e+00   3.5358988e+00   2.0623831e-02
   1.2702005e+00   1.0204123e+00   1.0376816e+00   3.2737704e+00   1.8287338e-02
   1.2021586e+00   1.0234342e+00   1.0410518e+00   3.0171090e+00   1.6196188e-02
   1.1364004e+00   1.0264732e+00   1.0444451e+00   2.7676333e+00   1.4324141e-02
   1.0729616e+00   1.0295296e+00   1.0478641e+00   2.5268969e+00   1.2649070e-02
   1.0118541e+00   1.0326034e+00   1.0513066e+00   2.2961838e+00   1.1155592e-02
   9.5309246e-01   1.0356947e+00   1.0547745e+00   2.0766030e+00   9.8249502e-03
   8.9666074e-01   1.0388039e+00   1.0582682e+00   1.8690338e+00   8.6408733e-03
   8.4257727e-01   1.0419309e+00   1.0617872e+00   1.6740921e+00   7.5907162e-03
   7.9076687e-01   1.0450761e+00   1.0653323e+00   1.4922279e+00   6.6548360e-03
   7.4126209e-01   1.0482396e+00   1.0689038e+00   1.3236401e+00   5.8292539e-03
   6.9401731e-01   1.0514214e+00   1.0725028e+00   1.1683366e+00   5.0972522e-03
   6.4899310e-01   1.0546219e+00   1.0761272e+00   1.0261726e+00   4.4526247e-03
   6.0615394e-01   1.0578412e+00   1.0797805e+00   8.9686236e-01   3.8823149e-03
   5.6545593e-01   1.0610795e+00   1.0834603e+00   7.7995995e-01   3.3801459e-03
   5.2684866e-01   1.0643369e+00   1.0871687e+00   6.7491139e-01   2.9385341e-03
   4.9027740e-01   1.0676137e+00   1.0909051e+00   5.8110382e-01   2.5527613e-03
   4.5568580e-01   1.0709099e+00   1.0946712e+00   4.9781992e-01   2.2109099e-03
   4.2301786e-01   1.0742259e+00   1.0984657e+00   4.2431889e-01   1.9138742e-03
   3.9221067e-01   1.0775618e+00   1.1022892e+00   3.5985154e-01   1.6533268e-03
   3.6320893e-01   1.0809178e+00   1.1061428e+00   3.0363375e-01   1.4274931e-03
   3.3592355e-01   1.0842941e+00   1.1100270e+00   2.5490131e-01   1.2281125e-03
   3.1031319e-01   1.0876909e+00   1.1139419e+00   2.1290083e-01   1.0564152e-03
   2.8629876e-01   1.0911084e+00   1.1178878e+00   1.7691415e-01   9.0608095e-04
   2.6382056e-01   1.0945469e+00   1.1218647e+00   1.4626085e-01   7.7455114e-04
   2.4280349e-01   1.0980064e+00   1.1258738e+00   1.2029908e-01   6.6058412e-04
   2.2318650e-01   1.1014872e+00   1.1299153e+00   9.8436524e-02   5.6508468e-04
   2.0490052e-01   1.1049896e+00   1.1339888e+00   8.0138788e-02   4.7935415e-04
   1.8787849e-01   1.1085138e+00   1.1380956e+00   6.4899855e-02   4.0389119e-04
   1.7205733e-01   1.1120600e+00   1.1422360e+00   5.2291304e-02   3.4124489e-04
   1.5737274e-01   1.1156283e+00   1.1464100e+00   4.1912541e-02   2.8678136e-04
   1.4376370e-01   1.1192191e+00   1.1506182e+00   3.3419156e-02   2.4082753e-04
   1.3116538e-01   1.1228326e+00   1.1548617e+00   2.6508800e-02   1.9739411e-04
   1.1952376e-01   1.1264689e+00   1.1591391e+00   2.0919943e-02   1.6314792e-04
   1.0877900e-01   1.1301284e+00   1.1634532e+00   1.6420789e-02   1.3215221e-04
   9.8876006e-02   1.1338113e+00   1.1678028e+00   1.2818605e-02   1.0496921e-04
   8.9763025e-02   1.1375178e+00   1.1721893e+00   9.9575130e-03   8.1296592e-05
   8.1388564e-02   1.1412482e+00   1.1766123e+00   7.6904810e-03   5.8393789e-05
   7.3703163e-02   1.1450027e+00   1.1810719e+00   5.9083492e-03   3.7752248e-05
   6.6659676e-02   1.1487816e+00   1.1855700e+00   4.5139151e-03   9.7625548e-06
   6.0211711e-02   1.1525852e+00   1.1901067e+00   3.4287804e-03   0.0000000e+00
   5.4322925e-02   1.1564136e+00   1.1946816e+00   2.5890770e-03   0.0000000e+00
   4.8945881e-02   1.1602672e+00   1.1992950e+00   1.9422068e-03   0.0000000e+00
   4.4046184e-02   1.1641463e+00   1.2039493e+00   1.4475004e-03   0.0000000e+00
   3.9586937e-02   1.1680511e+00   1.2086422e+00   1.0716827e-03   0.0000000e+00
   3.5532639e-02   1.1719819e+00   1.2133768e+00   7.8708848e-04   0.0000000e+00
   3.1855527e-02   1.1759390e+00   1.2181516e+00   5.6992290e-04   0.0000000e+00
   2.8522092e-02   1.1799227e+00   1.2229681e+00   4.0927696e-04   0.0000000e+00
   2.5506668e-02   1.1839332e+00   1.2278272e+00   2.8727099e-04   0.0000000e+00
   2.2778291e-02   1.1879710e+00   1.2327282e+00   1.9363989e-04   0.0000000e+00
   2.0317586e-02   1.1920362e+00   1.2376719e+00   1.2240822e-04   0.0000000e+00
   1.8099372e-02   1.1961292e+00   1.2426594e+00   6.7314443e-05   0.0000000e+00
   1.6102819e-02   1.2002503e+00   1.2476903e+00   0.0000000e+00   0.0000000e+00
   1.4308246e-02   1.2043999e+00   1.2527653e+00   0.0000000e+00   0.0000000e+00
   1.2697784e-02   1.2085781e+00   1.2578854e+00   0.0000000e+00   0.0000000e+00
   1.1255061e-02   1.2127855e+00   1.2630507e+00   0.0000000e+00   0.0000000e+00
   9.9616134e-03   1.2170223e+00   1.2682618e+00   0.0000000e+00   0.0000000e+00
   8.8068523e-03   1.2212888e+00   1.2735188e+00   0.0000000e+00   0.0000000e+00
   7.7749379e-03   1.2255854e+00   1.2788238e+00   0.0000000e+00   0.0000000e+00
   6.8552147e-03   1.2299125e+00   1.2841746e+00   0.0000000e+00   0.0000000e+00
   6.0370390e-03   1.2342704e+00   1.2895729e+00   0.0000000e+00   0.0000000e+00
   5.3093800e-03   1.2386594e+00   1.2950197e+00   0.0000000e+00   0.0000000e+00
   4.6611928e-03   1.2430800e+00   1.3005147e+00   0.0000000e+00   0.0000000e+00
   4.0883067e-03   1.2475326e+00   1.3060596e+00   0.0000000e+00   0.0000000e+00
   3.5810016e-03   1.2520174e+00   1.3116528e+00   0.0000000e+00   0.0000000e+00
   3.1309633e-03   1.2565349e+00   1.3172970e+00   0.0000000e+00   0.0000000e+00
   2.7349007e-03   1.2610855e+00   1.3229908e+00   0.0000000e+00   0.0000000e+00
   2.3865360e-03   1.2656696e+00   1.3287361e+00   0.0000000e+00   0.0000000e+00
   2.0787843e-03   1.2702876e+00   1.3345321e+00   0.0000000e+00   0.0000000e+00
   1.8070793e-03   1.2749399e+00   1.3403797e+00   0.0000000e+00   0.0000000e+00
   1.5689737e-03   1.2796270e+00   1.3462794e+00   0.0000000e+00   0.0000000e+00
   1.3601621e-03   1.2843492e+00   1.3522320e+00   0.0000000e+00   0.0000000e+00
   1.1768072e-03   1.2891071e+00   1.3582375e+00   0.0000000e+00   0.0000000e+00
   1.0161530e-03   1.2939010e+00   1.3642961e+00   0.0000000e+00   0.0000000e+00
   8.7748866e-04   1.2987314e+00   1.3704092e+00   0.0000000e+00   0.0000000e+00
   7.5404037e-04   1.3035989e+00   1.3765758e+00   0.0000000e+00   0.0000000e+00
   6.4825454e-04   1.3085037e+00   1.3827970e+00   0.0000000e+00   0.0000000e+00
   5.5590018e-04   1.3134466e+00   1.3890726e+00   0.0000000e+00   0.0000000e+00
   4.7391956e-04   1.3184279e+00   1.3954047e+00   0.0000000e+00   0.0000000e+00
   4.0424347e-04   1.3234481e+00   1.4017911e+00   0.0000000e+00   0.0000000e+00
   3.4244451e-04   1.3285077e+00   1.4082337e+00   0.0000000e+00   0.0000000e+00
   2.8983812e-04   1.3336073e+00   1.4147329e+00   0.0000000e+00   0.0000000e+00
   2.4350758e-04   1.3387474e+00   1.4212895e+00   0.0000000e+00   0.0000000e+00
   2.0576019e-04   1.3439286e+00   1.4279013e+00   0.0000000e+00   0.0000000e+00
   1.6987187e-04   1.3491513e+00   1.4345723e+00   0.0000000e+00   0.0000000e+00
   1.3880627e-04   1.3544161e+00   1.4412985e+00   0.0000000e+00   0.0000000e+00
   1.1297206e-04   1.3597237e+00   1.4480834e+00   0.0000000e+00   0.0000000e+00
   9.0170645e-05   1.3650746e+00   1.4549254e+00   0.0000000e+00   0.0000000e+00
   6.7591634e-05   1.3704693e+00   1.4618270e+00   0.0000000e+00   0.0000000e+00
   4.9122371e-05   1.3759086e+00   1.4687855e+00   0.0000000e+00   0.0000000e+00
   2.8027079e-05   1.3813929e+00   1.4758030e+00   0.0000000e+00   0.0000000e+00
   0.0000000e+00   1.3869230e+00   1.4828797e+00   0.0000000e+00   0.0000000e+00
   0.0000000e+00   1.3924995e+00   1.4900152e+00   0.0000000e+00   0.0000000e+00
   0.0000000e+00   1.3981230e+00   1.4972095e+00   0.0000000e+00   0.0000000e+00
   0.0000000e+00   1.4037943e+00   1.5044625e+00   0.0000000e+00   0.0000000e+00
   0.0000000e+00   1.4095139e+00   1.5117750e+00   0.0000000e+00   0.0000000e+00
   0.0000000e+00   1.4152826e+00   1.5191458e+00   0.0000000e+00   0.0000000e+00
   0.0000000e+00   1.4211011e+00   1.5265778e+00   0.0000000e+00   0.0000000e+00
   0.0000000e+00   1.4269702e+00   1.5340669e+00   0.0000000e+00   0.0000000e+00
   0.0000000e+00   1.4328905e+00   1.5416160e+00   0.0000000e+00   0.0000000e+00
   0.0000000e+00   1.4388628e+00   1.5492249e+00   0.0000000e+00   0.0000000e+00
   0.0000000e+00   1.4448879e+00   1.5568909e+00   0.0000000e+00   0.0000000e+00
   0.0000000e+00   1.4509666e+00   1.5646174e+00   0.0000000e+00   0.0000000e+00
   0.0000000e+00   1.4570997e+00   1.5724018e+00   0.0000000e+00   0.0000000e+00
   0.0000000e+00   1.4632881e+00   1.5802463e+00   0.0000000e+00   0.0000000e+00
   0.0000000e+00   1.4695325e+00   1.5881477e+00   0.0000000e+00   0.0000000e+00
   0.0000000e+00   1.4758338e+00   1.5961082e+00   0.0000000e+00   0.0000000e+00
   0.0000000e+00   1.4821930e+00   1.6041271e+00   0.0000000e+00   0.0000000e+00
   0.0000000e+00   1.4886108e+00   1.6122029e+00   0.0000000e+00   0.0000000e+00
   0.0000000e+00   1.4950883e+00   1.6203376e+00   0.0000000e+00   0.0000000e+00
   0.0000000e+00   1.5016263e+00   1.6285283e+00   0.0000000e+00   0.0000000e+00
   0.0000000e+00   1.5082259e+00   1.6367741e+00   0.0000000e+00   0.0000000e+00
   0.0000000e+00   1.5148880e+00   1.6450776e+00   0.0000000e+00   0.0000000e+00
   0.0000000e+00   1.5216137e+00   1.6534368e+00   0.0000000e+00   0.0000000e+00
   0.0000000e+00   1.5284039e+00   1.6618513e+00   0.0000000e+00   0.0000000e+00
   0.0000000e+00   1.5352597e+00   1.6703200e+00   0.0000000e+00   0.0000000e+00
   0.0000000e+00   1.5421822e+00   1.6788439e+00   0.0000000e+00   0.0000000e+00
   0.0000000e+00   1.5491726e+00   1.6874203e+00   0.0000000e+00   0.0000000e+00
   0.0000000e+00   1.5562318e+00   1.6960497e+00   0.0000000e+00   0.0000000e+00
   0.0000000e+00   1.5633612e+00   1.7047302e+00   0.0000000e+00   0.0000000e+00
   0.0000000e+00   1.5705619e+00   1.7134637e+00   0.0000000e+00   0.0000000e+00
   0.0000000e+00   1.5778351e+00   1.7222469e+00   0.0000000e+00   0.0000000e+00
   0.0000000e+00   1.5851821e+00   1.7310802e+00   0.0000000e+00   0.0000000e+00
   0.0000000e+00   1.5926042e+00   1.7399627e+00   0.0000000e+00   0.0000000e+00
   0.0000000e+00   1.6001026e+00   1.7488926e+00   0.0000000e+00   0.0000000e+00
   0.0000000e+00   1.6076787e+00   1.7578693e+00   0.0000000e+00   0.0000000e+00
   0.0000000e+00   1.6153339e+00   1.7668917e+00   0.0000000e+00   0.0000000e+00
   0.0000000e+00   1.6230696e+00   1.7759592e+00   0.0000000e+00   0.0000000e+00
   0.0000000e+00   1.6308873e+00   1.7850711e+00   0.0000000e+00   0.0000000e+00
   0.0000000e+00   1.6387885e+00   1.7942250e+00   0.0000000e+00   0.0000000e+00
   0.0000000e+00   1.6467746e+00   1.8034200e+00   0.0000000e+00   0.0000000e+00
   0.0000000e+00   1.6548474e+00   1.8126548e+00   0.0000000e+00   0.0000000e+00
   0.0000000e+00   1.6630083e+00   1.8219290e+00   0.0000000e+00   0.0000000e+00
   0.0000000e+00   1.6712591e+00   1.8312405e+00   0.0000000e+00   0.0000000e+00
   0.0000000e+00   1.6796014e+00   1.8405886e+00   0.0000000e+00   0.0000000e+00
   0.0000000e+00   1.6880370e+00   1.8499693e+00   0.0000000e+00   0.0000000e+00
   0.0000000e+00   1.6965678e+00   1.8593841e+00   0.0000000e+00   0.0000000e+00
   0.0000000e+00   1.7051955e+00   1.8688307e+00   0.0000000e+00   0.0000000e+00
   0.0000000e+00   1.7139221e+00   1.8783065e+00   0.0000000e+00   0.0000000e+00
   0.0000000e+00   1.7227496e+00   1.8878105e+00   0.0000000e+00   0.0000000e+00
   0.0000000e+00   1.7316799e+00   1.8973410e+00   0.0000000e+00   0.0000000e+00
   0.0000000e+00   1.7407151e+00   1.9068959e+00   0.0000000e+00   0.0000000e+00
   0.0000000e+00   1.7498574e+00   1.9164730e+00   0.0000000e+00   0.0000000e+00
   0.0000000e+00   1.7591090e+00   1.9260722e+00   0.0000000e+00   0.0000000e+00
   0.0000000e+00   1.7684722e+00   1.9356892e+00   0.0000000e+00   0.0000000e+00
   0.0000000e+00   1.7779492e+00   1.9453226e+00   0.0000000e+00   0.0000000e+00
   0.0000000e+00   1.7875425e+00   1.9549705e+00   0.0000000e+00   0.0000000e+00
   0.0000000e+00   1.7972547e+00   1.9646322e+00   0.0000000e+00   0.0000000e+00
   0.0000000e+00   1.8070881e+00   1.9743035e+00   0.0000000e+00   0.0000000e+00
   0.0000000e+00   1.8170456e+00   1.9839836e+00   0.0000000e+00   0.0000000e+00
   0.0000000e+00   1.8271298e+00   1.9936691e+00   0.0000000e+00   0.0000000e+00
   0.0000000e+00   1.8373435e+00   2.0033592e+00   0.0000000e+00   0.0000000e+00
   0.0000000e+00   1.8476897e+00   2.0130493e+00   0.0000000e+00   0.0000000e+00
   0.0000000e+00   1.8581714e+00   2.0227384e+00   0.0000000e+00   0.0000000e+00
   0.0000000e+00   1.8687916e+00   2.0324235e+00   0.0000000e+00   0.0000000e+00
   0.0000000e+00   1.8795536e+00   2.0421038e+00   0.0000000e+00   0.0000000e+00
   0.0000000e+00   1.8904608e+00   2.0517725e+00   0.0000000e+00   0.0000000e+00
   0.0000000e+00   1.9015164e+00   2.0614321e+00   0.0000000e+00   0.0000000e+00
   0.0000000e+00   1.9127242e+00   2.0710756e+00   0.0000000e+00   0.0000000e+00
   0.0000000e+00   1.9240878e+00   2.0807021e+00   0.0000000e+00   0.0000000e+00
   0.0000000e+00   1.9356111e+00   2.0903116e+00   0.0000000e+00   0.0000000e+00
   0.0000000e+00   1.9472978e+00   2.0998941e+00   0.0000000e+00   0.0000000e+00
   0.0000000e+00   1.9591523e+00   2.1094543e+00   0.0000000e+00   0.0000000e+00
   0.0000000e+00   1.9711787e+00   2.1189829e+00   0.0000000e+00   0.0000000e+00
   0.0000000e+00   1.9833815e+00   2.1284814e+00   0.0000000e+00   0.0000000e+00
   0.0000000e+00   1.9957652e+00   2.1379455e+00   0.0000000e+00   0.0000000e+00
   0.0000000e+00   2.0083346e+00   2.1473717e+00   0.0000000e+00   0.0000000e+00
   0.0000000e+00   2.0210947e+00   2.1567573e+00   0.0000000e+00   0.0000000e+00
   0.0000000e+00   2.0340506e+00   2.1660973e+00   0.0000000e+00   0.0000000e+00
   0.0000000e+00   2.0472076e+00   2.1753899e+00   0.0000000e+00   0.0000000e+00
   0.0000000e+00   2.0605715e+00   2.1846339e+00   0.0000000e+00   0.0000000e+00
   0.0000000e+00   2.0741478e+00   2.1938219e+00   0.0000000e+00   0.0000000e+00
   0.0000000e+00   2.0879428e+00   2.2029531e+00   0.0000000e+00   0.0000000e+00
   0.0000000e+00   2.1019628e+00   2.2120258e+00   0.0000000e+00   0.0000000e+00
   0.0000000e+00   2.1162143e+00   2.2210305e+00   0.0000000e+00   0.0000000e+00
   0.0000000e+00   2.1307042e+00   2.2299705e+00   0.0000000e+00   0.0000000e+00
   0.0000000e+00   2.1454398e+00   2.2388379e+00   0.0000000e+00   0.0000000e+00
   0.0000000e+00   2.1604285e+00   2.2476302e+00   0.0000000e+00   0.0000000e+00
   0.0000000e+00   2.1756784e+00   2.2563454e+00   0.0000000e+00   0.0000000e+00
   0.0000000e+00   2.1911975e+00   2.2649787e+00   0.0000000e+00   0.0000000e+00
   0.0000000e+00   2.2069947e+00   2.2735262e+00   0.0000000e+00   0.0000000e+00
   0.0000000e+00   2.2230790e+00   2.2819863e+00   0.0000000e+00   0.0000000e+00
   0.0000000e+00   2.2394600e+00   2.2903504e+00   0.0000000e+00   0.0000000e+00
   0.0000000e+00   2.2561478e+00   2.2986210e+00   0.0000000e+00   0.0000000e+00
   0.0000000e+00   2.2731529e+00   2.3067897e+00   0.0000000e+00   0.0000000e+00
   0.0000000e+00   2.2904867e+00   2.3148564e+00   0.0000000e+00   0.0000000e+00
   0.0000000e+00   2.3081609e+00   2.3228139e+00   0.0000000e+00   0.0000000e+00
   0.0000000e+00   2.3261880e+00   2.3306611e+00   0.0000000e+00   0.0000000e+00
   0.0000000e+00   2.3445815e+00   2.3383931e+00   0.0000000e+00   0.0000000e+00
   0.0000000e+00   2.3633554e+00   2.3460056e+00   0.0000000e+00   0.0000000e+00
   0.0000000e+00   2.3825250e+00   2.3534974e+00   0.0000000e+00   0.0000000e+00
   0.0000000e+00   2.4021066e+00   2.3608625e+00   0.0000000e+00   0.0000000e+00
   0.0000000e+00   2.4221179e+00   2.3680950e+00   0.0000000e+00   0.0000000e+00
   0.0000000e+00   2.4425791e+00   2.3751964e+00   0.0000000e+00   0.0000000e+00
   0.0000000e+00   2.4635161e+00   2.3821612e+00   0.0000000e+00   0.0000000e+00
   0.0000000e+00   2.4849485e+00   2.3889821e+00   0.0000000e+00   0.0000000e+00
   0.0000000e+00   2.5068643e+00   2.3956559e+00   0.0000000e+00   0.0000000e+00
   0.0000000e+00   2.5293114e+00   2.4021842e+00   0.0000000e+00   0.0000000e+00
   0.0000000e+00   2.5523139e+00   2.4085590e+00   0.0000000e+00   0.0000000e+00
   0.0000000e+00   2.5758986e+00   2.4147827e+00   0.0000000e+00   0.0000000e+00
   0.0000000e+00   2.6000975e+00   2.4208349e+00   0.0000000e+00   0.0000000e+00
   0.0000000e+00   2.6249389e+00   2.4267283e+00   0.0000000e+00   0.0000000e+00
   0.0000000e+00   2.6504583e+00   2.4324555e+00   0.0000000e+00   0.0000000e+00
   0.0000000e+00   2.6766908e+00   2.4380102e+00   0.0000000e+00   0.0000000e+00
   0.0000000e+00   2.7036746e+00   2.4433918e+00   0.0000000e+00   0.0000000e+00
   0.0000000e+00   2.7314542e+00   2.4485971e+00   0.0000000e+00   0.0000000e+00
   0.0000000e+00   2.7600682e+00   2.4536142e+00   0.0000000e+00   0.0000000e+00
   0.0000000e+00   2.7895727e+00   2.4584485e+00   0.0000000e+00   0.0000000e+00
   0.0000000e+00   2.8200125e+00   2.4630973e+00   0.0000000e+00   0.0000000e+00
   0.0000000e+00   2.8514472e+00   2.4675532e+00   0.0000000e+00   0.0000000e+00
   0.0000000e+00   2.8839324e+00   2.4718097e+00   0.0000000e+00   0.0000000e+00
   0.0000000e+00   2.9175353e+00   2.4758685e+00   0.0000000e+00   0.0000000e+00
   0.0000000e+00   2.9523154e+00   2.4797286e+00   0.0000000e+00   0.0000000e+00
   0.0000000e+00   2.9883487e+00   2.4833826e+00   0.0000000e+00   0.0000000e+00
   0.0000000e+00   3.0257075e+00   2.4868218e+00   0.0000000e+00   0.0000000e+00
   0.0000000e+00   3.0644691e+00   2.4900537e+00   0.0000000e+00   0.0000000e+00
   0.0000000e+00   3.1047113e+00   2.4930694e+00   0.0000000e+00   0.0000000e+00
   0.0000000e+00   3.1465226e+00   2.4958673e+00   0.0000000e+00   0.0000000e+00
   0.0000000e+00   3.1899841e+00   2.4984450e+00   0.0000000e+00   0.0000000e+00
   0.0000000e+00   3.2351841e+00   2.5007976e+00   0.0000000e+00   0.0000000e+00
   0.0000000e+00   3.2822121e+00   2.5029310e+00   0.0000000e+00   0.0000000e+00
   0.0000000e+00   3.3311535e+00   2.5048274e+00   0.0000000e+00   0.0000000e+00
   0.0000000e+00   3.3820914e+00   2.5064883e+00   0.0000000e+00   0.0000000e+00
   0.0000000e+00   3.4351107e+00   2.5079262e+00   0.0000000e+00   0.0000000e+00
   0.0000000e+00   3.4902876e+00   2.5091139e+00   0.0000000e+00   0.0000000e+00
   0.0000000e+00   3.5476914e+00   2.5100685e+00   0.0000000e+00   0.0000000e+00
   0.0000000e+00   3.6073826e+00   2.5107827e+00   0.0000000e+00   0.0000000e+00
   0.0000000e+00   3.6694109e+00   2.5112500e+00   0.0000000e+00   0.0000000e+00
   0.0000000e+00   3.7338067e+00   2.5114785e+00   0.0000000e+00   0.0000000e+00
   0.0000000e+00   3.8005879e+00   2.5114507e+00   0.0000000e+00   0.0000000e+00
   0.0000000e+00   3.8697536e+00   2.5111938e+00   0.0000000e+00   0.0000000e+00
   0.0000000e+00   3.9412774e+00   2.5106470e+00   0.0000000e+00   0.0000000e+00
   0.0000000e+00   4.0151067e+00   2.5098588e+00   0.0000000e+00   0.0000000e+00
   0.0000000e+00   4.0911466e+00   2.5088272e+00   0.0000000e+00   0.0000000e+00
   0.0000000e+00   4.1692933e+00   2.5075228e+00   0.0000000e+00   0.0000000e+00
   0.0000000e+00   4.2493905e+00   2.5059720e+00   0.0000000e+00   0.0000000e+00
   0.0000000e+00   4.3312444e+00   2.5041520e+00   0.0000000e+00   0.0000000e+00
   0.0000000e+00   4.4146184e+00   2.5020803e+00   0.0000000e+00   0.0000000e+00
   0.0000000e+00   4.4992384e+00   2.4997350e+00   0.0000000e+00   0.0000000e+00
   0.0000000e+00   4.5847937e+00   2.4971315e+00   0.0000000e+00   0.0000000e+00
   0.0000000e+00   4.6708704e+00   2.4942634e+00   0.0000000e+00   0.0000000e+00
   0.0000000e+00   4.7570887e+00   2.4911259e+00   0.0000000e+00   0.0000000e+00
   0.0000000e+00   4.8429700e+00   2.4877482e+00   0.0000000e+00   0.0000000e+00
   0.0000000e+00   4.9280042e+00   2.4840577e+00   0.0000000e+00   0.0000000e+00
   0.0000000e+00   5.0116247e+00   2.4801234e+00   0.0000000e+00   0.0000000e+00
   0.0000000e+00   5.0932504e+00   2.4759172e+00   0.0000000e+00   0.0000000e+00
   0.0000000e+00   5.1722121e+00   2.4714463e+00   0.0000000e+00   0.0000000e+00
   0.0000000e+00   5.2478673e+00   2.4667067e+00   0.0000000e+00   0.0000000e+00
   0.0000000e+00   5.3195140e+00   2.4616941e+00   0.0000000e+00   0.0000000e+00
   0.0000000e+00   5.3864282e+00   2.4564227e+00   0.0000000e+00   0.0000000e+00
   0.0000000e+00   5.4478885e+00   2.4508716e+00   0.0000000e+00   0.0000000e+00
   0.0000000e+00   5.5031519e+00   2.4450592e+00   0.0000000e+00   0.0000000e+00
   0.0000000e+00   5.5515337e+00   2.4389759e+00   0.0000000e+00   0.0000000e+00
   0.0000000e+00   5.5922145e+00   2.4326252e+00   0.0000000e+00   0.0000000e+00
   0.0000000e+00   5.6246041e+00   2.4260221e+00   0.0000000e+00   0.0000000e+00
   0.0000000e+00   5.6480266e+00   2.4191285e+00   0.0000000e+00   0.0000000e+00
   0.0000000e+00   5.6618455e+00   2.4119812e+00   0.0000000e+00   0.0000000e+00
   0.0000000e+00   5.6655650e+00   2.4045767e+00   0.0000000e+00   0.0000000e+00
   0.0000000e+00   5.6586682e+00   2.3968995e+00   0.0000000e+00   0.0000000e+00
   0.0000000e+00   5.6407506e+00   2.3889647e+00   0.0000000e+00   0.0000000e+00
   0.0000000e+00   5.6114917e+00   2.3807739e+00   0.0000000e+00   0.0000000e+00
   0.0000000e+00   5.5706797e+00   2.3723224e+00   0.0000000e+00   0.0000000e+00
   0.0000000e+00   5.5181862e+00   2.3636084e+00   0.0000000e+00   0.0000000e+00
   0.0000000e+00   5.4539358e+00   2.3546455e+00   0.0000000e+00   0.0000000e+00
   0.0000000e+00   5.3780530e+00   2.3454268e+00   0.0000000e+00   0.0000000e+00
   0.0000000e+00   5.2907133e+00   2.3359566e+00   0.0000000e+00   0.0000000e+00
   0.0000000e+00   5.1921956e+00   2.3262377e+00   0.0000000e+00   0.0000000e+00
   0.0000000e+00   5.0829087e+00   2.3162790e+00   0.0000000e+00   0.0000000e+00
   0.0000000e+00   4.9634020e+00   2.3060680e+00   0.0000000e+00   0.0000000e+00
   0.0000000e+00   4.8341043e+00   2.2956110e+00   0.0000000e+00   0.0000000e+00
   0.0000000e+00   4.6958787e+00   2.2849173e+00   0.0000000e+00   0.0000000e+00
   0.0000000e+00   4.5494260e+00   2.2739908e+00   0.0000000e+00   0.0000000e+00
   0.0000000e+00   4.3955699e+00   2.2628263e+00   0.0000000e+00   0.0000000e+00
   0.0000000e+00   4.2352674e+00   2.2514265e+00   0.0000000e+00   0.0000000e+00
   0.0000000e+00   4.0693542e+00   2.2398039e+00   0.0000000e+00   0.0000000e+00
   0.0000000e+00   3.8989606e+00   2.2279553e+00   0.0000000e+00   0.0000000e+00
   0.0000000e+00   3.7249609e+00   2.2158806e+00   0.0000000e+00   0.0000000e+00
   0.0000000e+00   3.5483756e+00   2.2035921e+00   0.0000000e+00   0.0000000e+00
   0.0000000e+00   3.3703232e+00   2.1910777e+00   0.0000000e+00   0.0000000e+00
   0.0000000e+00   3.1917302e+00   2.1783753e+00   0.0000000e+00   0.0000000e+00
   0.0000000e+00   3.0135907e+00   2.1654323e+00   0.0000000e+00   0.0000000e+00
   0.0000000e+00   2.8368378e+00   2.1522945e+00   0.0000000e+00   0.0000000e+00
   0.0000000e+00   2.6623299e+00   2.1389615e+00   0.0000000e+00   0.0000000e+00
   0.0000000e+00   2.4909061e+00   2.1254299e+00   0.0000000e+00   0.0000000e+00
   0.0000000e+00   2.3233544e+00   2.1117182e+00   0.0000000e+00   0.0000000e+00
   0.0000000e+00   2.1603504e+00   2.0977812e+00   0.0000000e+00   0.0000000e+00
   0.0000000e+00   2.0025199e+00   2.0836860e+00   0.0000000e+00   0.0000000e+00
   0.0000000e+00   1.8503902e+00   2.0693957e+00   0.0000000e+00   0.0000000e+00
   0.0000000e+00   1.7044049e+00   2.0549357e+00   0.0000000e+00   0.0000000e+00
   0.0000000e+00   1.5649666e+00   2.0402969e+00   0.0000000e+00   0.0000000e+00
   0.0000000e+00   1.4323371e+00   2.0255292e+00   0.0000000e+00   0.0000000e+00
   0.0000000e+00   1.3067672e+00   2.0105267e+00   0.0000000e+00   0.0000000e+00
   0.0000000e+00   1.1883467e+00   1.9953981e+00   0.0000000e+00   0.0000000e+00
   0.0000000e+00   1.0771677e+00   1.9801149e+00   0.0000000e+00   0.0000000e+00
   0.0000000e+00   9.7323303e-01   1.9646772e+00   0.0000000e+00   0.0000000e+00
   0.0000000e+00   8.7643780e-01   1.9490998e+00   0.0000000e+00   0.0000000e+00
   0.0000000e+00   7.8670385e-01   1.9333805e+00   0.0000000e+00   0.0000000e+00
   0.0000000e+00   7.0383280e-01   1.9175147e+00   0.0000000e+00   0.0000000e+00
   0.0000000e+00   6.2762403e-01   1.9015257e+00   0.0000000e+00   0.0000000e+00
   0.0000000e+00   5.5781068e-01   1.8854040e+00   0.0000000e+00   0.0000000e+00
   0.0000000e+00   4.9412456e-01   1.8691657e+00   0.0000000e+00   0.0000000e+00
   0.0000000e+00   4.3625778e-01   1.8528046e+00   0.0000000e+00   0.0000000e+00
   0.0000000e+00   3.8388379e-01   1.8363332e+00   0.0000000e+00   0.0000000e+00
   0.0000000e+00   3.3667225e-01   1.8197534e+00   0.0000000e+00   0.0000000e+00
   0.0000000e+00   2.9427679e-01   1.8030744e+00   0.0000000e+00   0.0000000e+00
   0.0000000e+00   2.5635797e-01   1.7862950e+00   0.0000000e+00   0.0000000e+00
   0.0000000e+00   2.2257328e-01   1.7694206e+00   0.0000000e+00   0.0000000e+00
   0.0000000e+00   1.9259012e-01   1.7524643e+00   0.0000000e+00   0.0000000e+00
   0.0000000e+00   1.6608758e-01   1.7354186e+00   0.0000000e+00   0.0000000e+00
   0.0000000e+00   1.4274324e-01   1.7183002e+00   0.0000000e+00   0.0000000e+00
   0.0000000e+00   1.2226595e-01   1.7011075e+00   0.0000000e+00   0.0000000e+00
   0.0000000e+00   1.0437264e-01   1.6838462e+00   0.0000000e+00   0.0000000e+00
   0.0000000e+00   8.8793737e-02   1.6665251e+00   0.0000000e+00   0.0000000e+00
   0.0000000e+00   7.5282466e-02   1.6491485e+00   0.0000000e+00   0.0000000e+00
   0.0000000e+00   6.3610459e-02   1.6317164e+00   0.0000000e+00   0.0000000e+00
   0.0000000e+00   5.3565287e-02   1.6142385e+00   0.0000000e+00   0.0000000e+00
   0.0000000e+00   4.4951759e-02   1.5967118e+00   0.0000000e+00   0.0000000e+00
   0.0000000e+00   3.7592152e-02   1.5791571e+00   0.0000000e+00   0.0000000e+00
   0.0000000e+00   3.1331092e-02   1.5615652e+00   0.0000000e+00   0.0000000e+00
   0.0000000e+00   2.6022046e-02   1.5439473e+00   0.0000000e+00   0.0000000e+00
   0.0000000e+00   2.1537551e-02   1.5263060e+00   0.0000000e+00   0.0000000e+00
   0.0000000e+00   1.7765788e-02   1.5086475e+00   0.0000000e+00   0.0000000e+00
   0.0000000e+00   1.4600825e-02   1.4909848e+00   0.0000000e+00   0.0000000e+00
   0.0000000e+00   1.1961651e-02   1.4733009e+00   0.0000000e+00   0.0000000e+00
   0.0000000e+00   9.7612250e-03   1.4556193e+00   0.0000000e+00   0.0000000e+00
   0.0000000e+00   7.9387656e-03   1.4379439e+00   0.0000000e+00   0.0000000e+00
   0.0000000e+00   6.4341296e-03   1.4202708e+00   0.0000000e+00   0.0000000e+00
   0.0000000e+00   5.1949718e-03   1.4026113e+00   0.0000000e+00   0.0000000e+00
   0.0000000e+00   4.1792052e-03   1.3849667e+00   0.0000000e+00   0.0000000e+00
   0.0000000e+00   3.3520806e-03   1.3673427e+00   0.0000000e+00   0.0000000e+00
   0.0000000e+00   2.6754339e-03   1.3497449e+00   0.0000000e+00   0.0000000e+00
   0.0000000e+00   2.1284767e-03   1.3321775e+00   0.0000000e+00   0.0000000e+00
   0.0000000e+00   1.6840747e-03   1.3146454e+00   0.0000000e+00   0.0000000e+00
   0.0000000e+00   1.3289396e-03   1.2971509e+00   0.0000000e+00   0.0000000e+00
   0.0000000e+00   1.0426367e-03   1.2797047e+00   0.0000000e+00   0.0000000e+00
   0.0000000e+00   8.1299691e-04   1.2622948e+00   0.0000000e+00   0.0000000e+00
   0.0000000e+00   6.3122228e-04   1.2449421e+00   0.0000000e+00   0.0000000e+00
   0.0000000e+00   4.8794478e-04   1.2276432e+00   0.0000000e+00   0.0000000e+00
   0.0000000e+00   3.7092708e-04   1.2104064e+00   0.0000000e+00   0.0000000e+00
   0.0000000e+00   2.7881137e-04   1.1932372e+00   0.0000000e+00   0.0000000e+00
   0.0000000e+00   2.0812256e-04   1.1761333e+00   0.0000000e+00   0.0000000e+00
   0.0000000e+00   1.5039247e-04   1.1590927e+00   0.0000000e+00   0.0000000e+00
   0.0000000e+00   1.0412077e-04   1.1421347e+00   0.0000000e+00   0.0000000e+00
   0.0000000e+00   6.5607353e-05   1.1252557e+00   0.0000000e+00   0.0000000e+00
   0.0000000e+00   2.5825512e-05   1.1084615e+00   0.0000000e+00   0.0000000e+00
   0.0000000e+00   0.0000000e+00   1.0917481e+00   0.0000000e+00   0.0000000e+00
   0.0000000e+00   0.0000000e+00   1.0751260e+00   0.0000000e+00   0.0000000e+00
   0.0000000e+00   0.0000000e+00   1.0585986e+00   0.0000000e+00   0.0000000e+00
   0.0000000e+00   0.0000000e+00   1.0421669e+00   0.0000000e+00   0.0000000e+00
   0.0000000e+00   0.0000000e+00   1.0258360e+00   0.0000000e+00   0.0000000e+00
   0.0000000e+00   0.0000000e+00   1.0096167e+00   0.0000000e+00   0.0000000e+00
   0.0000000e+00   0.0000000e+00   9.9348646e-01   0.0000000e+00   0.0000000e+00
   0.0000000e+00   0.0000000e+00   9.7747343e-01   0.0000000e+00   0.0000000e+00
   0.0000000e+00   0.0000000e+00   9.6156964e-01   0.0000000e+00   0.0000000e+00
   0.0000000e+00   0.0000000e+00   9.4578259e-01   0.0000000e+00   0.0000000e+00
   0.0000000e+00   0.0000000e+00   9.3011575e-01   0.0000000e+00   0.0000000e+00
   0.0000000e+00   0.0000000e+00   9.1456780e-01   0.0000000e+00   0.0000000e+00
   0.0000000e+00   0.0000000e+00   8.9913637e-01   0.0000000e+00   0.0000000e+00
   0.0000000e+00   0.0000000e+00   8.8383570e-01   0.0000000e+00   0.0000000e+00
   0.0000000e+00   0.0000000e+00   8.6866300e-01   0.0000000e+00   0.0000000e+00
   0.0000000e+00   0.0000000e+00   8.5361991e-01   0.0000000e+00   0.0000000e+00
   0.0000000e+00   0.0000000e+00   8.3870383e-01   0.0000000e+00   0.0000000e+00
   0.0000000e+00   0.0000000e+00   8.2392631e-01   0.0000000e+00   0.0000000e+00
   0.0000000e+00   0.0000000e+00   8.0928440e-01   0.0000000e+00   0.0000000e+00
   0.0000000e+00   0.0000000e+00   7.9477953e-01   0.0000000e+00   0.0000000e+00
   0.0000000e+00   0.0000000e+00   7.8041326e-01   0.0000000e+00   0.0000000e+00
   0.0000000e+00   0.0000000e+00   7.6619026e-01   0.0000000e+00   0.0000000e+00
   0.0000000e+00   0.0000000e+00   7.5211252e-01   0.0000000e+00   0.0000000e+00
   0.0000000e+00   0.0000000e+00   7.3817318e-01   0.0000000e+00   0.0000000e+00
   0.0000000e+00   0.0000000e+00   7.2438335e-01   0.0000000e+00   0.0000000e+00
   0.0000000e+00   0.0000000e+00   7.1074254e-01   0.0000000e+00   0.0000000e+00
   0.0000000e+00   0.0000000e+00   6.9724995e-01   0.0000000e+00   0.0000000e+00
   0.0000000e+00   0.0000000e+00   6.8390686e-01   0.0000000e+00   0.0000000e+00
   0.0000000e+00   0.0000000e+00   6.7071563e-01   0.0000000e+00   0.0000000e+00
   0.0000000e+00   0.0000000e+00   6.5767657e-01   0.0000000e+00   0.0000000e+00
   0.0000000e+00   0.0000000e+00   6.4479475e-01   0.0000000e+00   0.0000000e+00
   0.0000000e+00   0.0000000e+00   6.3205895e-01   0.0000000e+00   0.0000000e+00
   0.0000000e+00   0.0000000e+00   6.1948106e-01   0.0000000e+00   0.0000000e+00
   0.0000000e+00   0.0000000e+00   6.0706156e-01   0.0000000e+00   0.0000000e+00
   0.0000000e+00   0.0000000e+00   5.9479489e-01   0.0000000e+00   0.0000000e+00
   0.0000000e+00   0.0000000e+00   5.8268748e-01   0.0000000e+00   0.0000000e+00
   0.0000000e+00   0.0000000e+00   5.7073719e-01   0.0000000e+00   0.0000000e+00
   0.0000000e+00   0.0000000e+00   5.5894465e-01   0.0000000e+00   0.0000000e+00
   0.0000000e+00   0.0000000e+00   5.4731696e-01   0.0000000e+00   0.0000000e+00
   0.0000000e+00   0.0000000e+00   5.3583463e-01   0.0000000e+00   0.0000000e+00
   0.0000000e+00   0.0000000e+00   5.2451465e-01   0.0000000e+00   0.0000000e+00
   0.0000000e+00   0.0000000e+00   5.1335535e-01   0.0000000e+00   0.0000000e+00
   0.0000000e+00   0.0000000e+00   5.0235514e-01   0.0000000e+00   0.0000000e+00
   0.0000000e+00   0.0000000e+00   4.9151306e-01   0.0000000e+00   0.0000000e+00
   0.0000000e+00   0.0000000e+00   4.8082891e-01   0.0000000e+00   0.0000000e+00
   0.0000000e+00   0.0000000e+00   4.7030496e-01   0.0000000e+00   0.0000000e+00
   0.0000000e+00   0.0000000e+00   4.5993694e-01   0.0000000e+00   0.0000000e+00
   0.0000000e+00   0.0000000e+00   4.4972641e-01   0.0000000e+00   0.0000000e+00
   0.0000000e+00   0.0000000e+00   4.3967498e-01   0.0000000e+00   0.0000000e+00
   0.0000000e+00   0.0000000e+00   4.2978070e-01   0.0000000e+00   0.0000000e+00
   0.0000000e+00   0.0000000e+00   4.2004106e-01   0.0000000e+00   0.0000000e+00
   0.0000000e+00   0.0000000e+00   4.1045852e-01   0.0000000e+00   0.0000000e+00
   0.0000000e+00   0.0000000e+00   4.0102993e-01   0.0000000e+00   0.0000000e+00
   0.0000000e+00   0.0000000e+00   3.9175737e-01   0.0000000e+00   0.0000000e+00
   0.0000000e+00   0.0000000e+00   3.8263711e-01   0.0000000e+00   0.0000000e+00
   0.0000000e+00   0.0000000e+00   3.7367279e-01   0.0000000e+00   0.0000000e+00
   0.0000000e+00   0.0000000e+00   3.6485936e-01   0.0000000e+00   0.0000000e+00
   0.0000000e+00   0.0000000e+00   3.5619767e-01   0.0000000e+00   0.0000000e+00
   0.0000000e+00   0.0000000e+00   3.4768522e-01   0.0000000e+00   0.0000000e+00
   0.0000000e+00   0.0000000e+00   3.3932450e-01   0.0000000e+00   0.0000000e+00
   0.0000000e+00   0.0000000e+00   3.3111095e-01   0.0000000e+00   0.0000000e+00
   0.0000000e+00   0.0000000e+00   3.2304400e-01   0.0000000e+00   0.0000000e+00
   0.0000000e+00   0.0000000e+00   3.1512499e-01   0.0000000e+00   0.0000000e+00
   0.0000000e+00   0.0000000e+00   3.0735074e-01   0.0000000e+00   0.0000000e+00
   0.0000000e+00   0.0000000e+00   2.9972034e-01   0.0000000e+00   0.0000000e+00
   0.0000000e+00   0.0000000e+00   2.9223284e-01   0.0000000e+00   0.0000000e+00
   0.0000000e+00   0.0000000e+00   2.8488762e-01   0.0000000e+00   0.0000000e+00
   0.0000000e+00   0.0000000e+00   2.7768424e-01   0.0000000e+00   0.0000000e+00
   0.0000000e+00   0.0000000e+00   2.7061745e-01   0.0000000e+00   0.0000000e+00
   0.0000000e+00   0.0000000e+00   2.6368908e-01   0.0000000e+00   0.0000000e+00
   0.0000000e+00   0.0000000e+00   2.5689722e-01   0.0000000e+00   0.0000000e+00
   0.0000000e+00   0.0000000e+00   2.5024213e-01   0.0000000e+00   0.0000000e+00
   0.0000000e+00   0.0000000e+00   2.4371769e-01   0.0000000e+00   0.0000000e+00
   0.0000000e+00   0.0000000e+00   2.3732730e-01   0.0000000e+00   0.0000000e+00
   0.0000000e+00   0.0000000e+00   2.3106659e-01   0.0000000e+00   0.0000000e+00
   0.0000000e+00   0.0000000e+00   2.2493632e-01   0.0000000e+00   0.0000000e+00
   0.0000000e+00   0.0000000e+00   2.1893279e-01   0.0000000e+00   0.0000000e+00
   0.0000000e+00   0.0000000e+00   2.1305517e-01   0.0000000e+00   0.0000000e+00
   0.0000000e+00   0.0000000e+00   2.0730250e-01   0.0000000e+00   0.0000000e+00
   0.0000000e+00   0.0000000e+00   2.0167415e-01   0.0000000e+00   0.0000000e+00
   0.0000000e+00   0.0000000e+00   1.9616512e-01   0.0000000e+00   0.0000000e+00
   0.0000000e+00   0.0000000e+00   1.9077670e-01   0.0000000e+00   0.0000000e+00
   0.0000000e+00   0.0000000e+00   1.8550582e-01   0.0000000e+00   0.0000000e+00
   0.0000000e+00   0.0000000e+00   1.8035323e-01   0.0000000e+00   0.0000000e+00
   0.0000000e+00   0.0000000e+00   1.7531632e-01   0.0000000e+00   0.0000000e+00
   0.0000000e+00   0.0000000e+00   1.7039034e-01   0.0000000e+00   0.0000000e+00
   0.0000000e+00   0.0000000e+00   1.6557628e-01   0.0000000e+00   0.0000000e+00
   0.0000000e+00   0.0000000e+00   1.6087362e-01   0.0000000e+00   0.0000000e+00
   0.0000000e+00   0.0000000e+00   1.5628000e-01   0.0000000e+00   0.0000000e+00
   0.0000000e+00   0.0000000e+00   1.5179239e-01   0.0000000e+00   0.0000000e+00
   0.0000000e+00   0.0000000e+00   1.4740876e-01   0.0000000e+00   0.0000000e+00
   0.0000000e+00   0.0000000e+00   1.4312957e-01   0.0000000e+00   0.0000000e+00
   0.0000000e+00   0.0000000e+00   1.3895231e-01   0.0000000e+00   0.0000000e+00
   0.0000000e+00   0.0000000e+00   1.3487641e-01   0.0000000e+00   0.0000000e+00
   0.0000000e+00   0.0000000e+00   1.3089674e-01   0.0000000e+00   0.0000000e+00
   0.0000000e+00   0.0000000e+00   1.2701566e-01   0.0000000e+00   0.0000000e+00
   0.0000000e+00   0.0000000e+00   1.2322996e-01   0.0000000e+00   0.0000000e+00
   0.0000000e+00   0.0000000e+00   1.1953735e-01   0.0000000e+00   0.0000000e+00
   0.0000000e+00   0.0000000e+00   1.1593591e-01   0.0000000e+00   0.0000000e+00
   0.0000000e+00   0.0000000e+00   1.1242539e-01   0.0000000e+00   0.0000000e+00
   0.0000000e+00   0.0000000e+00   1.0900484e-01   0.0000000e+00   0.0000000e+00
   0.0000000e+00   0.0000000e+00   1.0566993e-01   0.0000000e+00   0.0000000e+00
   0.0000000e+00   0.0000000e+00   1.0241962e-01   0.0000000e+00   0.0000000e+00
   0.0000000e+00   0.0000000e+00   9.9256186e-02   0.0000000e+00   0.0000000e+00
   0.0000000e+00   0.0000000e+00   9.6171781e-02   0.0000000e+00   0.0000000e+00
   0.0000000e+00   0.0000000e+00   9.3169145e-02   0.0000000e+00   0.0000000e+00
   0.0000000e+00   0.0000000e+00   9.0245766e-02   0.0000000e+00   0.0000000e+00
   0.0000000e+00   0.0000000e+00   8.7401370e-02   0.0000000e+00   0.0000000e+00
   0.0000000e+00   0.0000000e+00   8.4631891e-02   0.0000000e+00   0.0000000e+00
   0.0000000e+00   0.0000000e+00   8.1936120e-02   0.0000000e+00   0.0000000e+00
   0.0000000e+00   0.0000000e+00   7.9314696e-02   0.0000000e+00   0.0000000e+00
   0.0000000e+00   0.0000000e+00   7.6764380e-02   0.0000000e+00   0.0000000e+00
   0.0000000e+00   0.0000000e+00   7.4284675e-02   0.0000000e+00   0.0000000e+00
   0.0000000e+00   0.0000000e+00   7.1872385e-02   0.0000000e+00   0.0000000e+00
   0.0000000e+00   0.0000000e+00   6.9525474e-02   0.0000000e+00   0.0000000e+00
   0.0000000e+00   0.0000000e+00   6.7246249e-02   0.0000000e+00   0.0000000e+00
   0.0000000e+00   0.0000000e+00   6.5031436e-02   0.0000000e+00   0.0000000e+00
   0.0000000e+00   0.0000000e+00   6.2878928e-02   0.0000000e+00   0.0000000e+00
   0.0000000e+00   0.0000000e+00   6.0788463e-02   0.0000000e+00   0.0000000e+00
   0.0000000e+00   0.0000000e+00   5.8757193e-02   0.0000000e+00   0.0000000e+00
   0.0000000e+00   0.0000000e+00   5.6784857e-02   0.0000000e+00   0.0000000e+00
   0.0000000e+00   0.0000000e+00   5.4869152e-02   0.0000000e+00   0.0000000e+00
   0.0000000e+00   0.0000000e+00   5.3009921e-02   0.0000000e+00   0.0000000e+00
   0.0000000e+00   0.0000000e+00   5.1205699e-02   0.0000000e+00   0.0000000e+00
   0.0000000e+00   0.0000000e+00   4.9454461e-02   0.0000000e+00   0.0000000e+00
   0.0000000e+00   0.0000000e+00   4.7756128e-02   0.0000000e+00   0.0000000e+00
   0.0000000e+00   0.0000000e+00   4.6108265e-02   0.0000000e+00   0.0000000e+00
   0.0000000e+00   0.0000000e+00   4.4509605e-02   0.0000000e+00   0.0000000e+00
   0.0000000e+00   0.0000000e+00   4.2959197e-02   0.0000000e+00   0.0000000e+00
   0.0000000e+00   0.0000000e+00   4.1458041e-02   0.0000000e+00   0.0000000e+00
   0.0000000e+00   0.0000000e+00   3.9999786e-02   0.0000000e+00   0.0000000e+00
   0.0000000e+00   0.0000000e+00   3.8587798e-02   0.0000000e+00   0.0000000e+00
   0.0000000e+00   0.0000000e+00   3.7220703e-02   0.0000000e+00   0.0000000e+00
   0.0000000e+00   0.0000000e+00   3.5893887e-02   0.0000000e+00   0.0000000e+00
   0.0000000e+00   0.0000000e+00   3.4611115e-02   0.0000000e+00   0.0000000e+00
   0.0000000e+00   0.0000000e+00   3.3368361e-02   0.0000000e+00   0.0000000e+00
   0.0000000e+00   0.0000000e+00   3.2164398e-02   0.0000000e+00   0.0000000e+00
   0.0000000e+00   0.0000000e+00   3.0997975e-02   0.0000000e+00   0.0000000e+00
   0.0000000e+00   0.0000000e+00   2.9869966e-02   0.0000000e+00   0.0000000e+00
   0.0000000e+00   0.0000000e+00   2.8777797e-02   0.0000000e+00   0.0000000e+00
   0.0000000e+00   0.0000000e+00   2.7721103e-02   0.0000000e+00   0.0000000e+00
   0.0000000e+00   0.0000000e+00   2.6700456e-02   0.0000000e+00   0.0000000e+00
   0.0000000e+00   0.0000000e+00   2.5711443e-02   0.0000000e+00   0.0000000e+00
   0.0000000e+00   0.0000000e+00   2.4754865e-02   0.0000000e+00   0.0000000e+00
   0.0000000e+00   0.0000000e+00   2.3830079e-02   0.0000000e+00   0.0000000e+00
   0.0000000e+00   0.0000000e+00   2.2937298e-02   0.0000000e+00   0.0000000e+00
   0.0000000e+00   0.0000000e+00   2.2073552e-02   0.0000000e+00   0.0000000e+00
   0.0000000e+00   0.0000000e+00   2.1239702e-02   0.0000000e+00   0.0000000e+00
   0.0000000e+00   0.0000000e+00   2.0432148e-02   0.0000000e+00   0.0000000e+00
   0.0000000e+00   0.0000000e+00   1.9653053e-02   0.0000000e+00   0.0000000e+00
   0.0000000e+00   0.0000000e+00   1.8901508e-02   0.0000000e+00   0.0000000e+00
   0.0000000e+00   0.0000000e+00   1.8173936e-02   0.0000000e+00   0.0000000e+00
   0.0000000e+00   0.0000000e+00   1.7473563e-02   0.0000000e+00   0.0000000e+00
   0.0000000e+00   0.0000000e+00   1.6796069e-02   0.0000000e+00   0.0000000e+00
   0.0000000e+00   0.0000000e+00   1.6142662e-02   0.0000000e+00   0.0000000e+00
   0.0000000e+00   0.0000000e+00   1.5511296e-02   0.0000000e+00   0.0000000e+00
   0.0000000e+00   0.0000000e+00   1.4902550e-02   0.0000000e+00   0.0000000e+00
   0.0000000e+00   0.0000000e+00   1.4316164e-02   0.0000000e+00   0.0000000e+00
   0.0000000e+00   0.0000000e+00   1.3750578e-02   0.0000000e+00   0.0000000e+00
   0.0000000e+00   0.0000000e+00   1.3204152e-02   0.0000000e+00   0.0000000e+00
   0.0000000e+00   0.0000000e+00   1.2678041e-02   0.0000000e+00   0.0000000e+00
   0.0000000e+00   0.0000000e+00   1.2170733e-02   0.0000000e+00   0.0000000e+00
   0.0000000e+00   0.0000000e+00   1.1681939e-02   0.0000000e+00   0.0000000e+00
   0.0000000e+00   0.0000000e+00   1.1209877e-02   0.0000000e+00   0.0000000e+00
   0.0000000e+00   0.0000000e+00   1.0756613e-02   0.0000000e+00   0.0000000e+00
   0.0000000e+00   0.0000000e+00   1.0319956e-02   0.0000000e+00   0.0000000e+00
   0.0000000e+00   0.0000000e+00   9.8981906e-03   0.0000000e+00   0.0000000e+00
   0.0000000e+00   0.0000000e+00   9.4924029e-03   0.0000000e+00   0.0000000e+00
   0.0000000e+00   0.0000000e+00   9.1018884e-03   0.0000000e+00   0.0000000e+00
   0.0000000e+00   0.0000000e+00   8.7263760e-03   0.0000000e+00   0.0000000e+00
   0.0000000e+00   0.0000000e+00   8.3655256e-03   0.0000000e+00   0.0000000e+00
   0.0000000e+00   0.0000000e+00   8.0164348e-03   0.0000000e+00   0.0000000e+00
   0.0000000e+00   0.0000000e+00   7.6823226e-03   0.0000000e+00   0.0000000e+00
   0.0000000e+00   0.0000000e+00   7.3600469e-03   0.0000000e+00   0.0000000e+00
   0.0000000e+00   0.0000000e+00   7.0500277e-03   0.0000000e+00   0.0000000e+00
   0.0000000e+00   0.0000000e+00   6.7538545e-03   0.0000000e+00   0.0000000e+00
   0.0000000e+00   0.0000000e+00   6.4663996e-03   0.0000000e+00   0.0000000e+00
   0.0000000e+00   0.0000000e+00   6.1920228e-03   0.0000000e+00   0.0000000e+00
   0.0000000e+00   0.0000000e+00   5.9272167e-03   0.0000000e+00   0.0000000e+00
   0.0000000e+00   0.0000000e+00   5.6724430e-03   0.0000000e+00   0.0000000e+00
   0.0000000e+00   0.0000000e+00   5.4290275e-03   0.0000000e+00   0.0000000e+00
   0.0000000e+00   0.0000000e+00   5.1944999e-03   0.0000000e+00   0.0000000e+00
   0.0000000e+00   0.0000000e+00   4.9684042e-03   0.0000000e+00   0.0000000e+00
   0.0000000e+00   0.0000000e+00   4.7525878e-03   0.0000000e+00   0.0000000e+00
   0.0000000e+00   0.0000000e+00   4.5448976e-03   0.0000000e+00   0.0000000e+00
   0.0000000e+00   0.0000000e+00   4.3452793e-03   0.0000000e+00   0.0000000e+00
   0.0000000e+00   0.0000000e+00   4.1544740e-03   0.0000000e+00   0.0000000e+00
   0.0000000e+00   0.0000000e+00   3.9707974e-03   0.0000000e+00   0.0000000e+00
   0.0000000e+00   0.0000000e+00   3.7955957e-03   0.0000000e+00   0.0000000e+00
   0.0000000e+00   0.0000000e+00   3.6261236e-03   0.0000000e+00   0.0000000e+00
   0.0000000e+00   0.0000000e+00   3.4643646e-03   0.0000000e+00   0.0000000e+00
   0.0000000e+00   0.0000000e+00   3.3090382e-03   0.0000000e+00   0.0000000e+00
   0.0000000e+00   0.0000000e+00   3.1599608e-03   0.0000000e+00   0.0000000e+00
   0.0000000e+00   0.0000000e+00   3.0171805e-03   0.0000000e+00   0.0000000e+00
   0.0000000e+00   0.0000000e+00   2.8822534e-03   0.0000000e+00   0.0000000e+00
   0.0000000e+00   0.0000000e+00   2.7495192e-03   0.0000000e+00   0.0000000e+00
   0.0000000e+00   0.0000000e+00   2.6249743e-03   0.0000000e+00   0.0000000e+00
   0.0000000e+00   0.0000000e+00   2.5044821e-03   0.0000000e+00   0.0000000e+00
   0.0000000e+00   0.0000000e+00   2.3899464e-03   0.0000000e+00   0.0000000e+00
   0.0000000e+00   0.0000000e+00   2.2796271e-03   0.0000000e+00   0.0000000e+00
   0.0000000e+00   0.0000000e+00   2.1744711e-03   0.0000000e+00   0.0000000e+00
   0.0000000e+00   0.0000000e+00   2.0734028e-03   0.0000000e+00   0.0000000e+00
   0.0000000e+00   0.0000000e+00   1.9763378e-03   0.0000000e+00   0.0000000e+00
   0.0000000e+00   0.0000000e+00   1.8832586e-03   0.0000000e+00   0.0000000e+00
   0.0000000e+00   0.0000000e+00   1.7949819e-03   0.0000000e+00   0.0000000e+00
   0.0000000e+00   0.0000000e+00   1.7103995e-03   0.0000000e+00   0.0000000e+00
   0.0000000e+00   0.0000000e+00   1.6295752e-03   0.0000000e+00   0.0000000e+00
   0.0000000e+00   0.0000000e+00   1.5518758e-03   0.0000000e+00   0.0000000e+00
   0.0000000e+00   0.0000000e+00   1.4780390e-03   0.0000000e+00   0.0000000e+00
   0.0000000e+00   0.0000000e+00   1.4073398e-03   0.0000000e+00   0.0000000e+00
   0.0000000e+00   0.0000000e+00   1.3397834e-03   0.0000000e+00   0.0000000e+00
   0.0000000e+00   0.0000000e+00   1.2748447e-03   0.0000000e+00   0.0000000e+00
   0.0000000e+00   0.0000000e+00   1.2142400e-03   0.0000000e+00   0.0000000e+00
   0.0000000e+00   0.0000000e+00   1.1550112e-03   0.0000000e+00   0.0000000e+00
   0.0000000e+00   0.0000000e+00   1.0985311e-03   0.0000000e+00   0.0000000e+00
   0.0000000e+00   0.0000000e+00   1.0450760e-03   0.0000000e+00   0.0000000e+00
   0.0000000e+00   0.0000000e+00   9.9373014e-04   0.0000000e+00   0.0000000e+00
   0.0000000e+00   0.0000000e+00   9.4426106e-04   0.0000000e+00   0.0000000e+00
   0.0000000e+00   0.0000000e+00   8.9811677e-04   0.0000000e+00   0.0000000e+00
   0.0000000e+00   0.0000000e+00   8.5471673e-04   0.0000000e+00   0.0000000e+00
   0.0000000e+00   0.0000000e+00   8.1057462e-04   0.0000000e+00   0.0000000e+00
   0.0000000e+00   0.0000000e+00   7.7058957e-04   0.0000000e+00   0.0000000e+00
   0.0000000e+00   0.0000000e+00   7.3292260e-04   0.0000000e+00   0.0000000e+00
   0.0000000e+00   0.0000000e+00   6.9548581e-04   0.0000000e+00   0.0000000e+00
   0.0000000e+00   0.0000000e+00   6.5939720e-04   0.0000000e+00   0.0000000e+00
   0.0000000e+00   0.0000000e+00   6.2544172e-04   0.0000000e+00   0.0000000e+00
   0.0000000e+00   0.0000000e+00   5.9325920e-04   0.0000000e+00   0.0000000e+00
   0.0000000e+00   0.0000000e+00   5.6290224e-04   0.0000000e+00   0.0000000e+00
   0.0000000e+00   0.0000000e+00   5.3478529e-04   0.0000000e+00   0.0000000e+00
   0.0000000e+00   0.0000000e+00   5.0694489e-04   0.0000000e+00   0.0000000e+00
   0.0000000e+00   0.0000000e+00   4.8051230e-04   0.0000000e+00   0.0000000e+00
   0.0000000e+00   0.0000000e+00   4.5585395e-04   0.0000000e+00   0.0000000e+00
   0.0000000e+00   0.0000000e+00   4.3190359e-04   0.0000000e+00   0.0000000e+00
   0.0000000e+00   0.0000000e+00   4.0883264e-04   0.0000000e+00   0.0000000e+00
   0.0000000e+00   0.0000000e+00   3.8673504e-04   0.0000000e+00   0.0000000e+00
   0.0000000e+00   0.0000000e+00   3.6698922e-04   0.0000000e+00   0.0000000e+00
   0.0000000e+00   0.0000000e+00   3.4726978e-04   0.0000000e+00   0.0000000e+00
   0.0000000e+00   0.0000000e+00   3.2757242e-04   0.0000000e+00   0.0000000e+00
   0.0000000e+00   0.0000000e+00   3.0998619e-04   0.0000000e+00   0.0000000e+00
   0.0000000e+00   0.0000000e+00   2.9383538e-04   0.0000000e+00   0.0000000e+00
   0.0000000e+00   0.0000000e+00   2.7681300e-04   0.0000000e+00   0.0000000e+00
   0.0000000e+00   0.0000000e+00   2.6153299e-04   0.0000000e+00   0.0000000e+00
   0.0000000e+00   0.0000000e+00   2.4761405e-04   0.0000000e+00   0.0000000e+00
   0.0000000e+00   0.0000000e+00   2.3394978e-04   0.0000000e+00   0.0000000e+00
   0.0000000e+00   0.0000000e+00   2.1999228e-04   0.0000000e+00   0.0000000e+00
   0.0000000e+00   0.0000000e+00   2.0765975e-04   0.0000000e+00   0.0000000e+00
   0.0000000e+00   0.0000000e+00   1.9615772e-04   0.0000000e+00   0.0000000e+00
   0.0000000e+00   0.0000000e+00   1.8410645e-04   0.0000000e+00   0.0000000e+00
   0.0000000e+00   0.0000000e+00   1.7588720e-04   0.0000000e+00   0.0000000e+00
   0.0000000e+00   0.0000000e+00   1.6351112e-04   0.0000000e+00   0.0000000e+00
   0.0000000e+00   0.0000000e+00   1.5442563e-04   0.0000000e+00   0.0000000e+00
   0.0000000e+00   0.0000000e+00   1.4459132e-04   0.0000000e+00   0.0000000e+00
   0.0000000e+00   0.0000000e+00   1.3641675e-04   0.0000000e+00   0.0000000e+00
   0.0000000e+00   0.0000000e+00   1.2777949e-04   0.0000000e+00   0.0000000e+00
   0.0000000e+00   0.0000000e+00   1.1947469e-04   0.0000000e+00   0.0000000e+00
   0.0000000e+00   0.0000000e+00   1.1285859e-04   0.0000000e+00   0.0000000e+00
   0.0000000e+00   0.0000000e+00   1.0498565e-04   0.0000000e+00   0.0000000e+00
   0.0000000e+00   0.0000000e+00   9.7700805e-05   0.0000000e+00   0.0000000e+00
   0.0000000e+00   0.0000000e+00   9.2403667e-05   0.0000000e+00   0.0000000e+00
   0.0000000e+00   0.0000000e+00   8.5038922e-05   0.0000000e+00   0.0000000e+00
   0.0000000e+00   0.0000000e+00   7.9850542e-05   0.0000000e+00   0.0000000e+00
   0.0000000e+00   0.0000000e+00   7.3804554e-05   0.0000000e+00   0.0000000e+00
   0.0000000e+00   0.0000000e+00   6.9917971e-05   0.0000000e+00   0.0000000e+00
   0.0000000e+00   0.0000000e+00   6.3345151e-05   0.0000000e+00   0.0000000e+00
   0.0000000e+00   0.0000000e+00   5.8685925e-05   0.0000000e+00   0.0000000e+00
   0.0000000e+00   0.0000000e+00   5.3665204e-05   0.0000000e+00   0.0000000e+00
   0.0000000e+00   0.0000000e+00   4.9847961e-05   0.0000000e+00   0.0000000e+00
   0.0000000e+00   0.0000000e+00   4.5774484e-05   0.0000000e+00   0.0000000e+00
   0.0000000e+00   0.0000000e+00   4.0950455e-05   0.0000000e+00   0.0000000e+00
   0.0000000e+00   0.0000000e+00   3.7607494e-05   0.0000000e+00   0.0000000e+00
   0.0000000e+00   0.0000000e+00   3.3044236e-05   0.0000000e+00   0.0000000e+00
   0.0000000e+00   0.0000000e+00   2.9865421e-05   0.0000000e+00   0.0000000e+00
   0.0000000e+00   0.0000000e+00   2.5719196e-05   0.0000000e+00   0.0000000e+00
   0.0000000e+00   0.0000000e+00   2.1430688e-05   0.0000000e+00   0.0000000e+00
   0.0000000e+00   0.0000000e+00   1.8297644e-05   0.0000000e+00   0.0000000e+00
   0.0000000e+00   0.0000000e+00   1.3248724e-05   0.0000000e+00   0.0000000e+00
   0.0000000e+00   0.0000000e+00   9.3876955e-06   0.0000000e+00   0.0000000e+00
   0.0000000e+00   0.0000000e+00   0.0000000e+00   0.0000000e+00   0.0000000e+00
   0.0000000e+00   0.0000000e+00   0.0000000e+00   0.0000000e+00   0.0000000e+00
   0.0000000e+00   0.0000000e+00   0.0000000e+00   0.0000000e+00   0.0000000e+00
   0.0000000e+00   0.0000000e+00   0.0000000e+00   0.0000000e+00   0.0000000e+00
   0.0000000e+00   0.0000000e+00   0.0000000e+00   0.0000000e+00   0.0000000e+00
   0.0000000e+00   0.0000000e+00   0.0000000e+00   0.0000000e+00   0.0000000e+00
   0.0000000e+00   0.0000000e+00   0.0000000e+00   0.0000000e+00   0.0000000e+00
   0.0000000e+00   0.0000000e+00   0.0000000e+00   0.0000000e+00   0.0000000e+00
   0.0000000e+00   0.0000000e+00   0.0000000e+00   0.0000000e+00   0.0000000e+00
   0.0000000e+00   0.0000000e+00   0.0000000e+00   0.0000000e+00   0.0000000e+00
   0.0000000e+00   0.0000000e+00   0.0000000e+00   0.0000000e+00   0.0000000e+00
   0.0000000e+00   0.0000000e+00   0.0000000e+00   0.0000000e+00   0.0000000e+00
   0.0000000e+00   0.0000000e+00   0.0000000e+00   0.0000000e+00   0.0000000e+00
   0.0000000e+00   0.0000000e+00   0.0000000e+00   0.0000000e+00   0.0000000e+00
   0.0000000e+00   0.0000000e+00   0.0000000e+00   0.0000000e+00   0.0000000e+00
   0.0000000e+00   0.0000000e+00   0.0000000e+00   0.0000000e+00   0.0000000e+00
   0.0000000e+00   0.0000000e+00   0.0000000e+00   0.0000000e+00   0.0000000e+00
   0.0000000e+00   0.0000000e+00   0.0000000e+00   0.0000000e+00   0.0000000e+00
   0.0000000e+00   0.0000000e+00   0.0000000e+00   0.0000000e+00   0.0000000e+00
   0.0000000e+00   0.0000000e+00   0.0000000e+00   0.0000000e+00   0.0000000e+00
   0.0000000e+00   0.0000000e+00   0.0000000e+00   0.0000000e+00   0.0000000e+00
   0.0000000e+00   0.0000000e+00   0.0000000e+00   0.0000000e+00   0.0000000e+00
   0.0000000e+00   0.0000000e+00   0.0000000e+00   0.0000000e+00   0.0000000e+00
   0.0000000e+00   0.0000000e+00   0.0000000e+00   0.0000000e+00   0.0000000e+00
   0.0000000e+00   0.0000000e+00   0.0000000e+00   0.0000000e+00   0.0000000e+00
   0.0000000e+00   0.0000000e+00   0.0000000e+00   0.0000000e+00   0.0000000e+00
   0.0000000e+00   0.0000000e+00   0.0000000e+00   0.0000000e+00   0.0000000e+00
   0.0000000e+00   0.0000000e+00   0.0000000e+00   0.0000000e+00   0.0000000e+00
   0.0000000e+00   0.0000000e+00   0.0000000e+00   0.0000000e+00   0.0000000e+00
   0.0000000e+00   0.0000000e+00   0.0000000e+00   0.0000000e+00   0.0000000e+00
   0.0000000e+00   0.0000000e+00   0.0000000e+00   0.0000000e+00   0.0000000e+00
   0.0000000e+00   0.0000000e+00   0.0000000e+00   0.0000000e+00   0.0000000e+00
   0.0000000e+00   0.0000000e+00   0.0000000e+00   0.0000000e+00   0.0000000e+00
   0.0000000e+00   0.0000000e+00   0.0000000e+00   0.0000000e+00   0.0000000e+00
