   4.0000000e-01   0.0000000e+00
   4.0200000e-01   0.0000000e+00
   4.0400000e-01   0.0000000e+00
   4.0600000e-01   0.0000000e+00
   4.0800000e-01   0.0000000e+00
   4.1000000e-01   0.0000000e+00
   4.1200000e-01   0.0000000e+00
   4.1400000e-01   0.0000000e+00
   4.1600000e-01   0.0000000e+00
   4.1800000e-01   0.0000000e+00
   4.2000000e-01   0.0000000e+00
   4.2200000e-01   0.0000000e+00
   4.2400000e-01   0.0000000e+00
   4.2600000e-01   0.0000000e+00
   4.2800000e-01   0.0000000e+00
   4.3000000e-01   0.0000000e+00
   4.3200000e-01   0.0000000e+00
   4.3400000e-01   0.0000000e+00
   4.3600000e-01   0.0000000e+00
   4.3800000e-01   0.0000000e+00
   4.4000000e-01   0.0000000e+00
   4.4200000e-01   0.0000000e+00
   4.4400000e-01   0.0000000e+00
   4.4600000e-01   0.0000000e+00
   4.4800000e-01   0.0000000e+00
   4.5000000e-01   0.0000000e+00
   4.5200000e-01   0.0000000e+00
   4.5400000e-01   0.0000000e+00
   4.5600000e-01   0.0000000e+00
   4.5800000e-01   0.0000000e+00
   4.6000000e-01   0.0000000e+00
   4.6200000e-01   0.0000000e+00
   4.6400000e-01   0.0000000e+00
   4.6600000e-01   0.0000000e+00
   4.6800000e-01   0.0000000e+00
   4.7000000e-01   0.0000000e+00
   4.7200000e-01   0.0000000e+00
   4.7400000e-01   0.0000000e+00
   4.7600000e-01   2.8798402e-09
   4.7800000e-01   2.1235198e-08
   4.8000000e-01   3.9170303e-08
   4.8200000e-01   5.8754343e-08
   4.8400000e-01   8.0114616e-08
   4.8600000e-01   1.0643598e-07
   4.8800000e-01   1.3202707e-07
   4.9000000e-01   2.0096036e-07
   4.9200000e-01   2.8646197e-07
   4.9400000e-01   3.8542519e-07
   4.9600000e-01   4.8923002e-07
   4.9800000e-01   5.8945061e-07
   5.0000000e-01   7.0738061e-07
   5.0200000e-01   1.0264753e-06
   5.0400000e-01   2.0631773e-06
   5.0600000e-01   3.4585022e-06
   5.0800000e-01   5.6396270e-06
   5.1000000e-01   7.9501213e-06
   5.1200000e-01   1.0653527e-05
   5.1400000e-01   1.4175117e-05
   5.1600000e-01   1.8796212e-05
   5.1800000e-01   2.4574028e-05
   5.2000000e-01   3.1149758e-05
   5.2200000e-01   3.9378239e-05
   5.2400000e-01   4.9511786e-05
   5.2600000e-01   6.1770837e-05
   5.2800000e-01   7.3891345e-05
   5.3000000e-01   9.0675994e-05
   5.3200000e-01   1.1082677e-04
   5.3400000e-01   1.3356879e-04
   5.3600000e-01   1.6799737e-04
   5.3800000e-01   2.1323158e-04
   5.4000000e-01   2.6257159e-04
   5.4200000e-01   3.2063837e-04
   5.4400000e-01   3.9970146e-04
   5.4600000e-01   4.8257400e-04
   5.4800000e-01   6.0269559e-04
   5.5000000e-01   7.3449162e-04
   5.5200000e-01   8.8659783e-04
   5.5400000e-01   1.0672544e-03
   5.5600000e-01   1.3090026e-03
   5.5800000e-01   1.5596169e-03
   5.6000000e-01   1.8440825e-03
   5.6200000e-01   2.1697061e-03
   5.6400000e-01   2.5504722e-03
   5.6600000e-01   2.9936981e-03
   5.6800000e-01   3.5096380e-03
   5.7000000e-01   4.1165187e-03
   5.7200000e-01   4.8310293e-03
   5.7400000e-01   5.6749964e-03
   5.7600000e-01   6.6257783e-03
   5.7800000e-01   7.5668246e-03
   5.8000000e-01   8.7197398e-03
   5.8200000e-01   1.0010208e-02
   5.8400000e-01   1.1470413e-02
   5.8600000e-01   1.3023902e-02
   5.8800000e-01   1.4860494e-02
   5.9000000e-01   1.6825139e-02
   5.9200000e-01   1.8769309e-02
   5.9400000e-01   2.0861517e-02
   5.9600000e-01   2.2915818e-02
   5.9800000e-01   2.5118404e-02
   6.0000000e-01   2.7280447e-02
   6.0200000e-01   2.9597356e-02
   6.0400000e-01   3.1882369e-02
   6.0600000e-01   3.4220771e-02
   6.0800000e-01   3.6722783e-02
   6.1000000e-01   3.9186104e-02
   6.1200000e-01   4.1723504e-02
   6.1400000e-01   4.4422440e-02
   6.1600000e-01   4.7095937e-02
   6.1800000e-01   4.9840239e-02
   6.2000000e-01   5.2658881e-02
   6.2200000e-01   5.5554357e-02
   6.2400000e-01   5.8528688e-02
   6.2600000e-01   6.1677706e-02
   6.2800000e-01   6.4817787e-02
   6.3000000e-01   6.8040190e-02
   6.3200000e-01   7.1349723e-02
   6.3400000e-01   7.4750675e-02
   6.3600000e-01   7.8243563e-02
   6.3800000e-01   8.1835569e-02
   6.4000000e-01   8.5523158e-02
   6.4200000e-01   8.9222332e-02
   6.4400000e-01   9.3118667e-02
   6.4600000e-01   9.7118533e-02
   6.4800000e-01   1.0122944e-01
   6.5000000e-01   1.0545797e-01
   6.5200000e-01   1.0979808e-01
   6.5400000e-01   1.1416868e-01
   6.5600000e-01   1.1874735e-01
   6.5800000e-01   1.2345355e-01
   6.6000000e-01   1.2818921e-01
   6.6200000e-01   1.3316191e-01
   6.6400000e-01   1.3825853e-01
   6.6600000e-01   1.4340697e-01
   6.6800000e-01   1.4879203e-01
   6.7000000e-01   1.5423400e-01
   6.7200000e-01   1.5991077e-01
   6.7400000e-01   1.6573639e-01
   6.7600000e-01   1.7163241e-01
   6.7800000e-01   1.7777905e-01
   6.8000000e-01   1.8398766e-01
   6.8200000e-01   1.9035555e-01
   6.8400000e-01   1.9694450e-01
   6.8600000e-01   2.0360469e-01
   6.8800000e-01   2.1047237e-01
   6.9000000e-01   2.1742554e-01
   6.9200000e-01   2.2453286e-01
   6.9400000e-01   2.3186865e-01
   6.9600000e-01   2.3932503e-01
   6.9800000e-01   2.4698804e-01
   7.0000000e-01   2.5477820e-01
   7.0200000e-01   2.6266919e-01
   7.0400000e-01   2.7068313e-01
   7.0600000e-01   2.7882208e-01
   7.0800000e-01   2.8710721e-01
   7.1000000e-01   2.9553282e-01
   7.1200000e-01   3.0410623e-01
   7.1400000e-01   3.1283526e-01
   7.1600000e-01   3.2171380e-01
   7.1800000e-01   3.3076477e-01
   7.2000000e-01   3.3996484e-01
   7.2200000e-01   3.4933062e-01
   7.2400000e-01   3.5888132e-01
   7.2600000e-01   3.6854510e-01
   7.2800000e-01   3.7838637e-01
   7.3000000e-01   3.8834411e-01
   7.3200000e-01   3.9845286e-01
   7.3400000e-01   4.0871540e-01
   7.3600000e-01   4.1910765e-01
   7.3800000e-01   4.2965534e-01
   7.4000000e-01   4.4035855e-01
   7.4200000e-01   4.5118759e-01
   7.4400000e-01   4.6218396e-01
   7.4600000e-01   4.7330837e-01
   7.4800000e-01   4.8460221e-01
   7.5000000e-01   4.9601551e-01
   7.5200000e-01   5.0756696e-01
   7.5400000e-01   5.1925652e-01
   7.5600000e-01   5.3108824e-01
   7.5800000e-01   5.4307609e-01
   7.6000000e-01   5.5521045e-01
   7.6200000e-01   5.6746781e-01
   7.6400000e-01   5.7986092e-01
   7.6600000e-01   5.9241916e-01
   7.6800000e-01   6.0513062e-01
   7.7000000e-01   6.1799073e-01
   7.7200000e-01   6.3098984e-01
   7.7400000e-01   6.4419945e-01
   7.7600000e-01   6.5759610e-01
   7.7800000e-01   6.7117160e-01
   7.8000000e-01   6.8497206e-01
   7.8200000e-01   6.9899465e-01
   7.8400000e-01   7.1323683e-01
   7.8600000e-01   7.2771413e-01
   7.8800000e-01   7.4245629e-01
   7.9000000e-01   7.5744920e-01
   7.9200000e-01   7.7273522e-01
   7.9400000e-01   7.8830806e-01
   7.9600000e-01   8.0423689e-01
   7.9800000e-01   8.2054782e-01
   8.0000000e-01   8.3729673e-01
   8.0200000e-01   8.5457764e-01
   8.0400000e-01   8.7239675e-01
   8.0600000e-01   8.9073367e-01
   8.0800000e-01   9.0977448e-01
   8.1000000e-01   9.2948814e-01
   8.1200000e-01   9.5008286e-01
   8.1400000e-01   9.7153402e-01
   8.1600000e-01   9.9389419e-01
   8.1800000e-01   1.0173843e+00
   8.2000000e-01   1.0421489e+00
   8.2200000e-01   1.0682901e+00
   8.2400000e-01   1.0957341e+00
   8.2600000e-01   1.1248527e+00
   8.2800000e-01   1.1556697e+00
   8.3000000e-01   1.1880386e+00
   8.3200000e-01   1.2226707e+00
   8.3400000e-01   1.2594236e+00
   8.3600000e-01   1.2984830e+00
   8.3800000e-01   1.3407087e+00
   8.4000000e-01   1.3857099e+00
   8.4200000e-01   1.4340755e+00
   8.4400000e-01   1.4859368e+00
   8.4600000e-01   1.5416081e+00
   8.4800000e-01   1.6015538e+00
   8.5000000e-01   1.6665054e+00
   8.5200000e-01   1.7366860e+00
   8.5400000e-01   1.8125917e+00
   8.5600000e-01   1.8940912e+00
   8.5800000e-01   1.9813922e+00
   8.6000000e-01   2.0747276e+00
   8.6200000e-01   2.1736889e+00
   8.6400000e-01   2.2780233e+00
   8.6600000e-01   2.3867395e+00
   8.6800000e-01   2.4991214e+00
   8.7000000e-01   2.6145145e+00
   8.7200000e-01   2.7308928e+00
   8.7400000e-01   2.8468170e+00
   8.7600000e-01   2.9601311e+00
   8.7800000e-01   3.0687444e+00
   8.8000000e-01   3.1710803e+00
   8.8200000e-01   3.2664867e+00
   8.8400000e-01   3.3553740e+00
   8.8600000e-01   3.4387591e+00
   8.8800000e-01   3.5179381e+00
   8.9000000e-01   3.5945603e+00
   8.9200000e-01   3.6699269e+00
   8.9400000e-01   3.7450726e+00
   8.9600000e-01   3.8211684e+00
   8.9800000e-01   3.8989472e+00
   9.0000000e-01   3.9793423e+00
   9.0200000e-01   4.0631493e+00
   9.0400000e-01   4.1512311e+00
   9.0600000e-01   4.2440805e+00
   9.0800000e-01   4.3419890e+00
   9.1000000e-01   4.4449090e+00
   9.1200000e-01   4.5526891e+00
   9.1400000e-01   4.6652532e+00
   9.1600000e-01   4.7825052e+00
   9.1800000e-01   4.9040884e+00
   9.2000000e-01   5.0299211e+00
   9.2200000e-01   5.1599396e+00
   9.2400000e-01   5.2941043e+00
   9.2600000e-01   5.4326687e+00
   9.2800000e-01   5.5758201e+00
   9.3000000e-01   5.7241240e+00
   9.3200000e-01   5.8783572e+00
   9.3400000e-01   6.0393563e+00
   9.3600000e-01   6.2077621e+00
   9.3800000e-01   6.3841669e+00
   9.4000000e-01   6.5691035e+00
   9.4200000e-01   6.7630741e+00
   9.4400000e-01   6.9660845e+00
   9.4600000e-01   7.1776795e+00
   9.4800000e-01   7.3967039e+00
   9.5000000e-01   7.6213738e+00
   9.5200000e-01   7.8488101e+00
   9.5400000e-01   8.0745770e+00
   9.5600000e-01   8.2930326e+00
   9.5800000e-01   8.4981013e+00
   9.6000000e-01   8.6848828e+00
   9.6200000e-01   8.8505272e+00
   9.6400000e-01   8.9946703e+00
   9.6600000e-01   9.1186249e+00
   9.6800000e-01   9.2246357e+00
   9.7000000e-01   9.3150092e+00
   9.7200000e-01   9.3920148e+00
   9.7400000e-01   9.4575302e+00
   9.7600000e-01   9.5132203e+00
   9.7800000e-01   9.5605182e+00
   9.8000000e-01   9.6006482e+00
   9.8200000e-01   9.6345834e+00
   9.8400000e-01   9.6631214e+00
   9.8600000e-01   9.6869816e+00
   9.8800000e-01   9.7066500e+00
   9.9000000e-01   9.7225837e+00
   9.9200000e-01   9.7352547e+00
   9.9400000e-01   9.7448892e+00
   9.9600000e-01   9.7517302e+00
   9.9800000e-01   9.7561096e+00
   1.0000000e+00   9.7580444e+00
