   8.0000000e-01   1.3391686e-02   0.0000000e+00
   8.0100000e-01   1.3475431e-02   0.0000000e+00
   8.0200000e-01   1.3559748e-02   0.0000000e+00
   8.0300000e-01   1.3644641e-02   0.0000000e+00
   8.0400000e-01   1.3730115e-02   0.0000000e+00
   8.0500000e-01   1.3816175e-02   0.0000000e+00
   8.0600000e-01   1.3902825e-02   0.0000000e+00
   8.0700000e-01   1.3990070e-02   0.0000000e+00
   8.0800000e-01   1.4077915e-02   0.0000000e+00
   8.0900000e-01   1.4166363e-02   0.0000000e+00
   8.1000000e-01   1.4255421e-02   0.0000000e+00
   8.1100000e-01   1.4345092e-02   0.0000000e+00
   8.1200000e-01   1.4435382e-02   0.0000000e+00
   8.1300000e-01   1.4526296e-02   0.0000000e+00
   8.1400000e-01   1.4617838e-02   0.0000000e+00
   8.1500000e-01   1.4710014e-02   0.0000000e+00
   8.1600000e-01   1.4802828e-02   0.0000000e+00
   8.1700000e-01   1.4896287e-02   0.0000000e+00
   8.1800000e-01   1.4990394e-02   0.0000000e+00
   8.1900000e-01   1.5085155e-02   0.0000000e+00
   8.2000000e-01   1.5180575e-02   0.0000000e+00
   8.2100000e-01   1.5276660e-02   0.0000000e+00
   8.2200000e-01   1.5373416e-02   0.0000000e+00
   8.2300000e-01   1.5470846e-02   0.0000000e+00
   8.2400000e-01   1.5568957e-02   0.0000000e+00
   8.2500000e-01   1.5667755e-02   0.0000000e+00
   8.2600000e-01   1.5767244e-02   0.0000000e+00
   8.2700000e-01   1.5867431e-02   0.0000000e+00
   8.2800000e-01   1.5968322e-02   0.0000000e+00
   8.2900000e-01   1.6069920e-02   0.0000000e+00
   8.3000000e-01   1.6172234e-02   0.0000000e+00
   8.3100000e-01   1.6275268e-02   0.0000000e+00
   8.3200000e-01   1.6379028e-02   0.0000000e+00
   8.3300000e-01   1.6483520e-02   0.0000000e+00
   8.3400000e-01   1.6588751e-02   0.0000000e+00
   8.3500000e-01   1.6694726e-02   0.0000000e+00
   8.3600000e-01   1.6801450e-02   0.0000000e+00
   8.3700000e-01   1.6908932e-02   0.0000000e+00
   8.3800000e-01   1.7017175e-02   0.0000000e+00
   8.3900000e-01   1.7126188e-02   0.0000000e+00
   8.4000000e-01   1.7235976e-02   0.0000000e+00
   8.4100000e-01   1.7346545e-02   0.0000000e+00
   8.4200000e-01   1.7457902e-02   0.0000000e+00
   8.4300000e-01   1.7570053e-02   0.0000000e+00
   8.4400000e-01   1.7683005e-02   0.0000000e+00
   8.4500000e-01   1.7796765e-02   0.0000000e+00
   8.4600000e-01   1.7911338e-02   0.0000000e+00
   8.4700000e-01   1.8026733e-02   0.0000000e+00
   8.4800000e-01   1.8142954e-02   0.0000000e+00
   8.4900000e-01   1.8260010e-02   0.0000000e+00
   8.5000000e-01   1.8377907e-02   0.0000000e+00
   8.5100000e-01   1.8496653e-02   0.0000000e+00
   8.5200000e-01   1.8616253e-02   0.0000000e+00
   8.5300000e-01   1.8736715e-02   0.0000000e+00
   8.5400000e-01   1.8858046e-02   0.0000000e+00
   8.5500000e-01   1.8980253e-02   0.0000000e+00
   8.5600000e-01   1.9103344e-02   0.0000000e+00
   8.5700000e-01   1.9227326e-02   0.0000000e+00
   8.5800000e-01   1.9352206e-02   0.0000000e+00
   8.5900000e-01   1.9477991e-02   0.0000000e+00
   8.6000000e-01   1.9604688e-02   0.0000000e+00
   8.6100000e-01   1.9732307e-02   0.0000000e+00
   8.6200000e-01   1.9860853e-02   0.0000000e+00
   8.6300000e-01   1.9990334e-02   0.0000000e+00
   8.6400000e-01   2.0120759e-02   0.0000000e+00
   8.6500000e-01   2.0252134e-02   0.0000000e+00
   8.6600000e-01   2.0384469e-02   0.0000000e+00
   8.6700000e-01   2.0517769e-02   0.0000000e+00
   8.6800000e-01   2.0652044e-02   0.0000000e+00
   8.6900000e-01   2.0787302e-02   0.0000000e+00
   8.7000000e-01   2.0923550e-02   0.0000000e+00
   8.7100000e-01   2.1060797e-02   0.0000000e+00
   8.7200000e-01   2.1199050e-02   0.0000000e+00
   8.7300000e-01   2.1338318e-02   0.0000000e+00
   8.7400000e-01   2.1478610e-02   0.0000000e+00
   8.7500000e-01   2.1619933e-02   0.0000000e+00
   8.7600000e-01   2.1762296e-02   0.0000000e+00
   8.7700000e-01   2.1905707e-02   0.0000000e+00
   8.7800000e-01   2.2050176e-02   0.0000000e+00
   8.7900000e-01   2.2195710e-02   0.0000000e+00
   8.8000000e-01   2.2342318e-02   0.0000000e+00
   8.8100000e-01   2.2490010e-02   0.0000000e+00
   8.8200000e-01   2.2638793e-02   0.0000000e+00
   8.8300000e-01   2.2788678e-02   0.0000000e+00
   8.8400000e-01   2.2939672e-02   0.0000000e+00
   8.8500000e-01   2.3091785e-02   0.0000000e+00
   8.8600000e-01   2.3245025e-02   0.0000000e+00
   8.8700000e-01   2.3399403e-02   0.0000000e+00
   8.8800000e-01   2.3554928e-02   0.0000000e+00
   8.8900000e-01   2.3711608e-02   0.0000000e+00
   8.9000000e-01   2.3869453e-02   0.0000000e+00
   8.9100000e-01   2.4028473e-02   0.0000000e+00
   8.9200000e-01   2.4188677e-02   0.0000000e+00
   8.9300000e-01   2.4350076e-02   0.0000000e+00
   8.9400000e-01   2.4512677e-02   0.0000000e+00
   8.9500000e-01   2.4676493e-02   0.0000000e+00
   8.9600000e-01   2.4841532e-02   0.0000000e+00
   8.9700000e-01   2.5007804e-02   0.0000000e+00
   8.9800000e-01   2.5175320e-02   0.0000000e+00
   8.9900000e-01   2.5344090e-02   0.0000000e+00
   9.0000000e-01   2.5514125e-02   0.0000000e+00
   9.0100000e-01   2.5685433e-02   0.0000000e+00
   9.0200000e-01   2.5858027e-02   0.0000000e+00
   9.0300000e-01   2.6031917e-02   0.0000000e+00
   9.0400000e-01   2.6207113e-02   0.0000000e+00
   9.0500000e-01   2.6383626e-02   0.0000000e+00
   9.0600000e-01   2.6561468e-02   0.0000000e+00
   9.0700000e-01   2.6740649e-02   0.0000000e+00
   9.0800000e-01   2.6921180e-02   0.0000000e+00
   9.0900000e-01   2.7103073e-02   0.0000000e+00
   9.1000000e-01   2.7286339e-02   0.0000000e+00
   9.1100000e-01   2.7470990e-02   0.0000000e+00
   9.1200000e-01   2.7657037e-02   0.0000000e+00
   9.1300000e-01   2.7844492e-02   0.0000000e+00
   9.1400000e-01   2.8033367e-02   0.0000000e+00
   9.1500000e-01   2.8223675e-02   0.0000000e+00
   9.1600000e-01   2.8415426e-02   0.0000000e+00
   9.1700000e-01   2.8608634e-02   0.0000000e+00
   9.1800000e-01   2.8803311e-02   0.0000000e+00
   9.1900000e-01   2.8999470e-02   0.0000000e+00
   9.2000000e-01   2.9197123e-02   0.0000000e+00
   9.2100000e-01   2.9396283e-02   0.0000000e+00
   9.2200000e-01   2.9596964e-02   0.0000000e+00
   9.2300000e-01   2.9799178e-02   0.0000000e+00
   9.2400000e-01   3.0002939e-02   0.0000000e+00
   9.2500000e-01   3.0208260e-02   0.0000000e+00
   9.2600000e-01   3.0415156e-02   0.0000000e+00
   9.2700000e-01   3.0623639e-02   0.0000000e+00
   9.2800000e-01   3.0833725e-02   0.0000000e+00
   9.2900000e-01   3.1045426e-02   0.0000000e+00
   9.3000000e-01   3.1258759e-02   0.0000000e+00
   9.3100000e-01   3.1473736e-02   0.0000000e+00
   9.3200000e-01   3.1690373e-02   0.0000000e+00
   9.3300000e-01   3.1908685e-02   0.0000000e+00
   9.3400000e-01   3.2128687e-02   0.0000000e+00
   9.3500000e-01   3.2350394e-02   0.0000000e+00
   9.3600000e-01   3.2573821e-02   0.0000000e+00
   9.3700000e-01   3.2798985e-02   0.0000000e+00
   9.3800000e-01   3.3025901e-02   0.0000000e+00
   9.3900000e-01   3.3254585e-02   0.0000000e+00
   9.4000000e-01   3.3485054e-02   0.0000000e+00
   9.4100000e-01   3.3717323e-02   0.0000000e+00
   9.4200000e-01   3.3951411e-02   0.0000000e+00
   9.4300000e-01   3.4187332e-02   0.0000000e+00
   9.4400000e-01   3.4425106e-02   0.0000000e+00
   9.4500000e-01   3.4664748e-02   0.0000000e+00
   9.4600000e-01   3.4906277e-02   0.0000000e+00
   9.4700000e-01   3.5149709e-02   0.0000000e+00
   9.4800000e-01   3.5395065e-02   0.0000000e+00
   9.4900000e-01   3.5642360e-02   0.0000000e+00
   9.5000000e-01   3.5891614e-02   0.0000000e+00
   9.5100000e-01   3.6142846e-02   0.0000000e+00
   9.5200000e-01   3.6396074e-02   2.0200290e-04
   9.5300000e-01   3.6651317e-02   2.0200290e-04
   9.5400000e-01   3.6908595e-02   2.0200290e-04
   9.5500000e-01   3.7167927e-02   2.0200290e-04
   9.5600000e-01   3.7429333e-02   2.0200290e-04
   9.5700000e-01   3.7692834e-02   2.0200290e-04
   9.5800000e-01   3.7958449e-02   2.0200290e-04
   9.5900000e-01   3.8226198e-02   2.0200290e-04
   9.6000000e-01   3.8496104e-02   2.0200290e-04
   9.6100000e-01   3.8768186e-02   2.0200290e-04
   9.6200000e-01   3.9042467e-02   2.0200290e-04
   9.6300000e-01   3.9318966e-02   2.0200290e-04
   9.6400000e-01   3.9597708e-02   2.0200290e-04
   9.6500000e-01   3.9878712e-02   2.0200290e-04
   9.6600000e-01   4.0162003e-02   2.0200290e-04
   9.6700000e-01   4.0447601e-02   2.0200290e-04
   9.6800000e-01   4.0735531e-02   2.0200290e-04
   9.6900000e-01   4.1025815e-02   2.0200290e-04
   9.7000000e-01   4.1318477e-02   2.0200290e-04
   9.7100000e-01   4.1613539e-02   2.0200290e-04
   9.7200000e-01   4.1911027e-02   2.0200290e-04
   9.7300000e-01   4.2210964e-02   2.0200290e-04
   9.7400000e-01   4.2513375e-02   2.0200290e-04
   9.7500000e-01   4.2818284e-02   2.0200290e-04
   9.7600000e-01   4.3125717e-02   2.0200290e-04
   9.7700000e-01   4.3435698e-02   2.0200290e-04
   9.7800000e-01   4.3748254e-02   2.0200290e-04
   9.7900000e-01   4.4063410e-02   2.0200290e-04
   9.8000000e-01   4.4381193e-02   2.0200290e-04
   9.8100000e-01   4.4701628e-02   2.0200290e-04
   9.8200000e-01   4.5024744e-02   2.0200290e-04
   9.8300000e-01   4.5350565e-02   2.0200290e-04
   9.8400000e-01   4.5679121e-02   2.0200290e-04
   9.8500000e-01   4.6010439e-02   2.0200290e-04
   9.8600000e-01   4.6344547e-02   2.0200290e-04
   9.8700000e-01   4.6681473e-02   2.0200290e-04
   9.8800000e-01   4.7021246e-02   2.0200290e-04
   9.8900000e-01   4.7363894e-02   2.0200290e-04
   9.9000000e-01   4.7709447e-02   2.0200290e-04
   9.9100000e-01   4.8057936e-02   2.0200290e-04
   9.9200000e-01   4.8409389e-02   2.0200290e-04
   9.9300000e-01   4.8763837e-02   2.0200290e-04
   9.9400000e-01   4.9121310e-02   2.0200290e-04
   9.9500000e-01   4.9481840e-02   2.0200290e-04
   9.9600000e-01   4.9845459e-02   2.0200290e-04
   9.9700000e-01   5.0212197e-02   2.0200290e-04
   9.9800000e-01   5.0582087e-02   2.0200290e-04
   9.9900000e-01   5.0955161e-02   2.0200290e-04
   1.0000000e+00   5.1331452e-02   2.0200290e-04
   1.0010000e+00   5.1710994e-02   2.0200290e-04
   1.0020000e+00   5.2093819e-02   2.0200290e-04
   1.0030000e+00   5.2479963e-02   2.0200290e-04
   1.0040000e+00   5.2869459e-02   3.9228108e-04
   1.0050000e+00   5.3262342e-02   3.9228108e-04
   1.0060000e+00   5.3658647e-02   5.9650101e-04
   1.0070000e+00   5.4058411e-02   5.9650101e-04
   1.0080000e+00   5.4461668e-02   5.9650101e-04
   1.0090000e+00   5.4868457e-02   5.9650101e-04
   1.0100000e+00   5.5278812e-02   5.9650101e-04
   1.0110000e+00   5.5692773e-02   5.9650101e-04
   1.0120000e+00   5.6110376e-02   8.1584024e-04
   1.0130000e+00   5.6531661e-02   8.1584024e-04
   1.0140000e+00   5.6956665e-02   1.0313318e-03
   1.0150000e+00   5.7385428e-02   1.0313318e-03
   1.0160000e+00   5.7817991e-02   1.0313318e-03
   1.0170000e+00   5.8254392e-02   1.0313318e-03
   1.0180000e+00   5.8694673e-02   1.2534572e-03
   1.0190000e+00   5.9138875e-02   1.4533597e-03
   1.0200000e+00   5.9587040e-02   1.4533597e-03
   1.0210000e+00   6.0039210e-02   1.6886834e-03
   1.0220000e+00   6.0495428e-02   1.6886834e-03
   1.0230000e+00   6.0955737e-02   1.6886834e-03
   1.0240000e+00   6.1420182e-02   1.9081317e-03
   1.0250000e+00   6.1888806e-02   1.9081317e-03
   1.0260000e+00   6.2361656e-02   2.1310743e-03
   1.0270000e+00   6.2838776e-02   2.1310743e-03
   1.0280000e+00   6.3320213e-02   2.3363156e-03
   1.0290000e+00   6.3806014e-02   2.5324601e-03
   1.0300000e+00   6.4296226e-02   2.5324601e-03
   1.0310000e+00   6.4790898e-02   2.7920125e-03
   1.0320000e+00   6.5290078e-02   3.0022852e-03
   1.0330000e+00   6.5793816e-02   3.0022852e-03
   1.0340000e+00   6.6302162e-02   3.2166247e-03
   1.0350000e+00   6.6815167e-02   3.2166247e-03
   1.0360000e+00   6.7332882e-02   3.4385777e-03
   1.0370000e+00   6.7855360e-02   3.4385777e-03
   1.0380000e+00   6.8382654e-02   3.4385777e-03
   1.0390000e+00   6.8914816e-02   3.6695075e-03
   1.0400000e+00   6.9451903e-02   4.1341128e-03
   1.0410000e+00   6.9993969e-02   4.1341128e-03
   1.0420000e+00   7.0541069e-02   4.3854061e-03
   1.0430000e+00   7.1093262e-02   4.6141434e-03
   1.0440000e+00   7.1650603e-02   4.8126110e-03
   1.0450000e+00   7.2213153e-02   5.8023720e-03
   1.0460000e+00   7.2780970e-02   6.2437733e-03
   1.0470000e+00   7.3354114e-02   6.4687023e-03
   1.0480000e+00   7.3932646e-02   6.7046071e-03
   1.0490000e+00   7.4516629e-02   6.7046071e-03
   1.0500000e+00   7.5106125e-02   7.1171866e-03
   1.0510000e+00   7.5701197e-02   8.2461686e-03
   1.0520000e+00   7.6301911e-02   8.2461686e-03
   1.0530000e+00   7.6908332e-02   8.9184338e-03
   1.0540000e+00   7.7520527e-02   9.4307703e-03
   1.0550000e+00   7.8138563e-02   1.0282759e-02
   1.0560000e+00   7.8762509e-02   1.0520021e-02
   1.0570000e+00   7.9392435e-02   1.1063699e-02
   1.0580000e+00   8.0028412e-02   1.1332190e-02
   1.0590000e+00   8.0670511e-02   1.1600630e-02
   1.0600000e+00   8.1318805e-02   1.1884233e-02
   1.0610000e+00   8.1973369e-02   1.2677639e-02
   1.0620000e+00   8.2634278e-02   1.3600103e-02
   1.0630000e+00   8.3301608e-02   1.3600103e-02
   1.0640000e+00   8.3975437e-02   1.3859629e-02
   1.0650000e+00   8.4655844e-02   1.4633410e-02
   1.0660000e+00   8.5342908e-02   1.5420907e-02
   1.0670000e+00   8.6036712e-02   1.6183472e-02
   1.0680000e+00   8.6737337e-02   1.7481818e-02
   1.0690000e+00   8.7444869e-02   1.7712798e-02
   1.0700000e+00   8.8159392e-02   1.9270421e-02
   1.0710000e+00   8.8880993e-02   2.0468710e-02
   1.0720000e+00   8.9609760e-02   2.2059602e-02
   1.0730000e+00   9.0345784e-02   2.3340719e-02
   1.0740000e+00   9.1089154e-02   2.3894164e-02
   1.0750000e+00   9.1839964e-02   2.7349524e-02
   1.0760000e+00   9.2598308e-02   2.7912648e-02
   1.0770000e+00   9.3364282e-02   2.8996962e-02
   1.0780000e+00   9.4137983e-02   3.0980731e-02
   1.0790000e+00   9.4919510e-02   3.1576482e-02
   1.0800000e+00   9.5708964e-02   3.3453155e-02
   1.0810000e+00   9.6506447e-02   3.5934179e-02
   1.0820000e+00   9.7312063e-02   3.9281239e-02
   1.0830000e+00   9.8125919e-02   4.0150934e-02
   1.0840000e+00   9.8948122e-02   4.2004915e-02
   1.0850000e+00   9.9778782e-02   4.2747069e-02
   1.0860000e+00   1.0061801e-01   4.4811501e-02
   1.0870000e+00   1.0146592e-01   4.5833856e-02
   1.0880000e+00   1.0232263e-01   4.7197328e-02
   1.0890000e+00   1.0318825e-01   4.9226990e-02
   1.0900000e+00   1.0406291e-01   5.0871705e-02
   1.0910000e+00   1.0494673e-01   5.4533223e-02
   1.0920000e+00   1.0583982e-01   5.6475136e-02
   1.0930000e+00   1.0674233e-01   6.0033714e-02
   1.0940000e+00   1.0765437e-01   6.1468086e-02
   1.0950000e+00   1.0857608e-01   6.6105734e-02
   1.0960000e+00   1.0950759e-01   7.0994504e-02
   1.0970000e+00   1.1044903e-01   7.3635078e-02
   1.0980000e+00   1.1140055e-01   7.8422027e-02
   1.0990000e+00   1.1236229e-01   8.2600744e-02
   1.1000000e+00   1.1333438e-01   8.6093506e-02
   1.1010000e+00   1.1431699e-01   8.8823120e-02
   1.1020000e+00   1.1531025e-01   9.5222328e-02
   1.1030000e+00   1.1631431e-01   9.7785372e-02
   1.1040000e+00   1.1732934e-01   1.0407602e-01
   1.1050000e+00   1.1835549e-01   1.0734618e-01
   1.1060000e+00   1.1939293e-01   1.1036281e-01
   1.1070000e+00   1.2044180e-01   1.1774885e-01
   1.1080000e+00   1.2150230e-01   1.2542149e-01
   1.1090000e+00   1.2257458e-01   1.3214674e-01
   1.1100000e+00   1.2365881e-01   1.3839581e-01
   1.1110000e+00   1.2475519e-01   1.4408134e-01
   1.1120000e+00   1.2586388e-01   1.5191748e-01
   1.1130000e+00   1.2698508e-01   1.5779173e-01
   1.1140000e+00   1.2811897e-01   1.6414426e-01
   1.1150000e+00   1.2926575e-01   1.7230560e-01
   1.1160000e+00   1.3042561e-01   1.8045230e-01
   1.1170000e+00   1.3159875e-01   1.8825799e-01
   1.1180000e+00   1.3278539e-01   1.9411475e-01
   1.1190000e+00   1.3398572e-01   2.0413640e-01
   1.1200000e+00   1.3519996e-01   2.1448510e-01
   1.1210000e+00   1.3642834e-01   2.2509823e-01
   1.1220000e+00   1.3767107e-01   2.3414681e-01
   1.1230000e+00   1.3892838e-01   2.4891684e-01
   1.1240000e+00   1.4020051e-01   2.5901152e-01
   1.1250000e+00   1.4148770e-01   2.7244247e-01
   1.1260000e+00   1.4279019e-01   2.8535816e-01
   1.1270000e+00   1.4410822e-01   2.9804274e-01
   1.1280000e+00   1.4544206e-01   3.1002486e-01
   1.1290000e+00   1.4679196e-01   3.2991289e-01
   1.1300000e+00   1.4815819e-01   3.4778868e-01
   1.1310000e+00   1.4954103e-01   3.6610483e-01
   1.1320000e+00   1.5094075e-01   3.8258379e-01
   1.1330000e+00   1.5235764e-01   4.0294102e-01
   1.1340000e+00   1.5379199e-01   4.2938643e-01
   1.1350000e+00   1.5524411e-01   4.4961838e-01
   1.1360000e+00   1.5671429e-01   4.7354836e-01
   1.1370000e+00   1.5820286e-01   4.9422508e-01
   1.1380000e+00   1.5971013e-01   5.2448688e-01
   1.1390000e+00   1.6123644e-01   5.5426876e-01
   1.1400000e+00   1.6278212e-01   5.8344848e-01
   1.1410000e+00   1.6434752e-01   6.1738401e-01
   1.1420000e+00   1.6593299e-01   6.4126904e-01
   1.1430000e+00   1.6753890e-01   6.7753542e-01
   1.1440000e+00   1.6916563e-01   7.1367297e-01
   1.1450000e+00   1.7081356e-01   7.4766028e-01
   1.1460000e+00   1.7248307e-01   7.9111769e-01
   1.1470000e+00   1.7417458e-01   8.3332253e-01
   1.1480000e+00   1.7588849e-01   8.7754682e-01
   1.1490000e+00   1.7762524e-01   9.2492711e-01
   1.1500000e+00   1.7938525e-01   9.8259133e-01
   1.1510000e+00   1.8116898e-01   1.0456872e+00
   1.1520000e+00   1.8297690e-01   1.1048981e+00
   1.1530000e+00   1.8480946e-01   1.1644134e+00
   1.1540000e+00   1.8666716e-01   1.2164097e+00
   1.1550000e+00   1.8855049e-01   1.2819570e+00
   1.1560000e+00   1.9045998e-01   1.3515882e+00
   1.1570000e+00   1.9239615e-01   1.4181036e+00
   1.1580000e+00   1.9435954e-01   1.4967316e+00
   1.1590000e+00   1.9635071e-01   1.5856405e+00
   1.1600000e+00   1.9837023e-01   1.6795253e+00
   1.1610000e+00   2.0041870e-01   1.7659368e+00
   1.1620000e+00   2.0249673e-01   1.8587850e+00
   1.1630000e+00   2.0460494e-01   1.9540822e+00
   1.1640000e+00   2.0674398e-01   2.0688962e+00
   1.1650000e+00   2.0891451e-01   2.1840548e+00
   1.1660000e+00   2.1111721e-01   2.3108460e+00
   1.1670000e+00   2.1335280e-01   2.4507166e+00
   1.1680000e+00   2.1562200e-01   2.5704609e+00
   1.1690000e+00   2.1792555e-01   2.7035913e+00
   1.1700000e+00   2.2026423e-01   2.8417703e+00
   1.1710000e+00   2.2263883e-01   2.9630340e+00
   1.1720000e+00   2.2505018e-01   3.0895380e+00
   1.1730000e+00   2.2749911e-01   3.2192554e+00
   1.1740000e+00   2.2998651e-01   3.3325464e+00
   1.1750000e+00   2.3251328e-01   3.4183680e+00
   1.1760000e+00   2.3508033e-01   3.4904430e+00
   1.1770000e+00   2.3768864e-01   3.5494201e+00
   1.1780000e+00   2.4033919e-01   3.5916084e+00
   1.1790000e+00   2.4303301e-01   3.6216299e+00
   1.1800000e+00   2.4577115e-01   3.6381538e+00
   1.1810000e+00   2.4855469e-01   3.6603632e+00
   1.1820000e+00   2.5138478e-01   3.6693452e+00
   1.1830000e+00   2.5426257e-01   3.6784777e+00
   1.1840000e+00   2.5718926e-01   3.6820569e+00
   1.1850000e+00   2.6016610e-01   3.6829261e+00
   1.1860000e+00   2.6319437e-01   3.6837595e+00
   1.1870000e+00   2.6627541e-01   3.6848536e+00
   1.1880000e+00   2.6941058e-01   3.6848536e+00
   1.1890000e+00   2.7260131e-01   3.6848536e+00
   1.1900000e+00   2.7584907e-01   3.6848536e+00
   1.1910000e+00   2.7915538e-01   3.6848536e+00
   1.1920000e+00   2.8252182e-01   3.6848536e+00
   1.1930000e+00   2.8595001e-01   3.6848536e+00
   1.1940000e+00   2.8944164e-01   3.6848536e+00
   1.1950000e+00   2.9299847e-01   3.6848536e+00
   1.1960000e+00   2.9662228e-01   3.6848536e+00
   1.1970000e+00   3.0031497e-01   3.6848536e+00
   1.1980000e+00   3.0407847e-01   3.6848536e+00
   1.1990000e+00   3.0791479e-01   3.6848536e+00
   1.2000000e+00   3.1182601e-01   3.6848536e+00
   1.2010000e+00   3.1581429e-01   3.6848536e+00
   1.2020000e+00   3.1988186e-01   3.6848536e+00
   1.2030000e+00   3.2403105e-01   3.6848536e+00
   1.2040000e+00   3.2826426e-01   3.6848536e+00
   1.2050000e+00   3.3258398e-01   3.6848536e+00
   1.2060000e+00   3.3699279e-01   3.6848536e+00
   1.2070000e+00   3.4149338e-01   3.6848536e+00
   1.2080000e+00   3.4608853e-01   3.6848536e+00
   1.2090000e+00   3.5078111e-01   3.6848536e+00
   1.2100000e+00   3.5557413e-01   3.6848536e+00
   1.2110000e+00   3.6047070e-01   3.6848536e+00
   1.2120000e+00   3.6547402e-01   3.6848536e+00
   1.2130000e+00   3.7058747e-01   3.6848536e+00
   1.2140000e+00   3.7581450e-01   3.6848536e+00
   1.2150000e+00   3.8115873e-01   3.6848536e+00
   1.2160000e+00   3.8662390e-01   3.6848536e+00
   1.2170000e+00   3.9221392e-01   3.6848536e+00
   1.2180000e+00   3.9793282e-01   3.6848536e+00
   1.2190000e+00   4.0378481e-01   3.6848536e+00
   1.2200000e+00   4.0977426e-01   3.6848536e+00
   1.2210000e+00   4.1590570e-01   3.6848536e+00
   1.2220000e+00   4.2218386e-01   3.6848536e+00
   1.2230000e+00   4.2861365e-01   3.6848536e+00
   1.2240000e+00   4.3520016e-01   3.6848536e+00
   1.2250000e+00   4.4194871e-01   3.6848536e+00
   1.2260000e+00   4.4886483e-01   3.6848536e+00
   1.2270000e+00   4.5595425e-01   3.6848536e+00
   1.2280000e+00   4.6322297e-01   3.6848536e+00
   1.2290000e+00   4.7067720e-01   3.6848536e+00
   1.2300000e+00   4.7832344e-01   3.6848536e+00
   1.2310000e+00   4.8616845e-01   3.6848536e+00
   1.2320000e+00   4.9421925e-01   3.6848536e+00
   1.2330000e+00   5.0248318e-01   3.6848536e+00
   1.2340000e+00   5.1096788e-01   3.6848536e+00
   1.2350000e+00   5.1968133e-01   3.6848536e+00
   1.2360000e+00   5.2863183e-01   3.6848536e+00
   1.2370000e+00   5.3782806e-01   3.6848536e+00
   1.2380000e+00   5.4727907e-01   3.6848536e+00
   1.2390000e+00   5.5699430e-01   3.6848536e+00
   1.2400000e+00   5.6698362e-01   3.6848536e+00
   1.2410000e+00   5.7725734e-01   3.6848536e+00
   1.2420000e+00   5.8782622e-01   3.6848536e+00
   1.2430000e+00   5.9870153e-01   3.6848536e+00
   1.2440000e+00   6.0989505e-01   3.6848536e+00
   1.2450000e+00   6.2141910e-01   3.6848536e+00
   1.2460000e+00   6.3328658e-01   3.6848536e+00
   1.2470000e+00   6.4551099e-01   3.6848536e+00
   1.2480000e+00   6.5810649e-01   3.6848536e+00
   1.2490000e+00   6.7108791e-01   3.6848536e+00
   1.2500000e+00   6.8447082e-01   3.6848536e+00
   1.2510000e+00   6.9827153e-01   3.6848536e+00
   1.2520000e+00   7.1250717e-01   3.6848536e+00
   1.2530000e+00   7.2719574e-01   3.6848536e+00
   1.2540000e+00   7.4235616e-01   3.6848536e+00
   1.2550000e+00   7.5800829e-01   3.6848536e+00
   1.2560000e+00   7.7417305e-01   3.6848536e+00
   1.2570000e+00   7.9087246e-01   3.6848536e+00
   1.2580000e+00   8.0812967e-01   3.6848536e+00
   1.2590000e+00   8.2596913e-01   3.6848536e+00
   1.2600000e+00   8.4441657e-01   3.6848536e+00
   1.2610000e+00   8.6349915e-01   3.6848536e+00
   1.2620000e+00   8.8324554e-01   3.6848536e+00
   1.2630000e+00   9.0368600e-01   3.6848536e+00
   1.2640000e+00   9.2485252e-01   3.6848536e+00
   1.2650000e+00   9.4677892e-01   3.6848536e+00
   1.2660000e+00   9.6950099e-01   3.6848536e+00
   1.2670000e+00   9.9305661e-01   3.6848536e+00
   1.2680000e+00   1.0174859e+00   3.6848536e+00
   1.2690000e+00   1.0428313e+00   3.6848536e+00
   1.2700000e+00   1.0691381e+00   3.6848536e+00
   1.2710000e+00   1.0964539e+00   3.6848536e+00
   1.2720000e+00   1.1248297e+00   3.6848536e+00
   1.2730000e+00   1.1543193e+00   3.6848536e+00
   1.2740000e+00   1.1849803e+00   3.6848536e+00
   1.2750000e+00   1.2168735e+00   3.6848536e+00
   1.2760000e+00   1.2500640e+00   3.6848536e+00
   1.2770000e+00   1.2846208e+00   3.6848536e+00
   1.2780000e+00   1.3206177e+00   3.6848536e+00
   1.2790000e+00   1.3581332e+00   3.6848536e+00
   1.2800000e+00   1.3972509e+00   3.6848536e+00
   1.2810000e+00   1.4380602e+00   3.6848536e+00
   1.2820000e+00   1.4806565e+00   3.6848536e+00
   1.2830000e+00   1.5251416e+00   3.6848536e+00
   1.2840000e+00   1.5716241e+00   3.6848536e+00
   1.2850000e+00   1.6202204e+00   3.6848536e+00
   1.2860000e+00   1.6710546e+00   3.6848536e+00
   1.2870000e+00   1.7242596e+00   3.6848536e+00
   1.2880000e+00   1.7799776e+00   3.6848536e+00
   1.2890000e+00   1.8383604e+00   3.6848536e+00
   1.2900000e+00   1.8995711e+00   3.6848536e+00
   1.2910000e+00   1.9637838e+00   3.6848536e+00
   1.2920000e+00   2.0311853e+00   3.6848536e+00
   1.2930000e+00   2.1019757e+00   3.6848536e+00
   1.2940000e+00   2.1763697e+00   3.6848536e+00
   1.2950000e+00   2.2545974e+00   3.6848536e+00
   1.2960000e+00   2.3369060e+00   3.6848536e+00
   1.2970000e+00   2.4235608e+00   3.6848536e+00
   1.2980000e+00   2.5148472e+00   3.6848536e+00
   1.2990000e+00   2.6110722e+00   3.6848536e+00
   1.3000000e+00   2.7125661e+00   3.6848536e+00
   1.3010000e+00   2.8196852e+00   3.6848536e+00
   1.3020000e+00   2.9328137e+00   3.6848536e+00
   1.3030000e+00   3.0523665e+00   3.6848536e+00
   1.3040000e+00   3.1787921e+00   3.6848536e+00
   1.3050000e+00   3.3125762e+00   3.6848536e+00
   1.3060000e+00   3.4542450e+00   3.6848536e+00
   1.3070000e+00   3.6043698e+00   3.6848536e+00
   1.3080000e+00   3.7635715e+00   3.6848536e+00
   1.3090000e+00   3.9325270e+00   3.6848536e+00
   1.3100000e+00   4.1119756e+00   3.6848536e+00
   1.3110000e+00   4.3027270e+00   3.6848536e+00
   1.3120000e+00   4.5056719e+00   3.6848536e+00
   1.3130000e+00   4.7217926e+00   3.6848536e+00
   1.3140000e+00   4.9521767e+00   3.6848536e+00
   1.3150000e+00   5.1980305e+00   3.6848536e+00
   1.3160000e+00   5.4606913e+00   3.6848536e+00
   1.3170000e+00   5.7416340e+00   3.6848536e+00
   1.3180000e+00   6.0424663e+00   3.6848536e+00
   1.3190000e+00   6.3649026e+00   3.6848536e+00
   1.3200000e+00   6.7107051e+00   3.6848536e+00
   1.3210000e+00   7.0815774e+00   3.6848536e+00
   1.3220000e+00   7.4789978e+00   3.6848536e+00
   1.3230000e+00   7.9039818e+00   3.6848536e+00
   1.3240000e+00   8.3567737e+00   3.6848536e+00
   1.3250000e+00   8.8364803e+00   3.6848536e+00
   1.3260000e+00   9.3406773e+00   3.6848536e+00
   1.3270000e+00   9.8650371e+00   3.6848536e+00
   1.3280000e+00   1.0403044e+01   3.6848536e+00
   1.3290000e+00   1.0945869e+01   3.6848536e+00
   1.3300000e+00   1.1482457e+01   3.6848536e+00
   1.3310000e+00   1.1999897e+01   3.6848536e+00
   1.3320000e+00   1.2484040e+01   3.6848536e+00
   1.3330000e+00   1.2920377e+01   3.6848536e+00
   1.3340000e+00   1.3295048e+01   3.6848536e+00
   1.3350000e+00   1.3595910e+01   3.6848536e+00
   1.3360000e+00   1.3813496e+01   3.6848536e+00
   1.3370000e+00   1.3941762e+01   3.6848536e+00
   1.3380000e+00   1.3978507e+01   3.6848536e+00
   1.3390000e+00   1.3925427e+01   3.6848536e+00
   1.3400000e+00   1.3787798e+01   3.6848536e+00
   1.3410000e+00   1.3573846e+01   3.6848536e+00
   1.3420000e+00   1.3293915e+01   3.6848536e+00
   1.3430000e+00   1.2959534e+01   3.6848536e+00
   1.3440000e+00   1.2582520e+01   3.6848536e+00
   1.3450000e+00   1.2174211e+01   3.6848536e+00
   1.3460000e+00   1.1744890e+01   3.6848536e+00
   1.3470000e+00   1.1303436e+01   3.6848536e+00
   1.3480000e+00   1.0857177e+01   3.6848536e+00
   1.3490000e+00   1.0411926e+01   3.6848536e+00
   1.3500000e+00   9.9721234e+00   3.6848536e+00
   1.3510000e+00   9.5410561e+00   3.6848536e+00
   1.3520000e+00   9.1210905e+00   3.6848536e+00
   1.3530000e+00   8.7138916e+00   3.6848536e+00
   1.3540000e+00   8.3206076e+00   3.6848536e+00
   1.3550000e+00   7.9420124e+00   3.6848536e+00
   1.3560000e+00   7.5786088e+00   3.6848536e+00
   1.3570000e+00   7.2306965e+00   3.6848536e+00
   1.3580000e+00   6.8984176e+00   3.6848536e+00
   1.3590000e+00   6.5817828e+00   3.6848536e+00
   1.3600000e+00   6.2806901e+00   3.6848536e+00
   1.3610000e+00   5.9949367e+00   3.6848536e+00
   1.3620000e+00   5.7242299e+00   3.6848536e+00
   1.3630000e+00   5.4681974e+00   3.6848536e+00
   1.3640000e+00   5.2263984e+00   3.6848536e+00
   1.3650000e+00   4.9983352e+00   3.6848536e+00
   1.3660000e+00   4.7834654e+00   3.6848536e+00
   1.3670000e+00   4.5812135e+00   3.6848536e+00
   1.3680000e+00   4.3909825e+00   3.6848536e+00
   1.3690000e+00   4.2121638e+00   3.6848536e+00
   1.3700000e+00   4.0441462e+00   3.6848536e+00
   1.3710000e+00   3.8863230e+00   3.6848536e+00
   1.3720000e+00   3.7380982e+00   3.6848536e+00
   1.3730000e+00   3.5988909e+00   3.6848536e+00
   1.3740000e+00   3.4681387e+00   3.6848536e+00
   1.3750000e+00   3.3453005e+00   3.6848536e+00
   1.3760000e+00   3.2298585e+00   3.6848536e+00
   1.3770000e+00   3.1213194e+00   3.6848536e+00
   1.3780000e+00   3.0192158e+00   3.6848536e+00
   1.3790000e+00   2.9231062e+00   3.6848536e+00
   1.3800000e+00   2.8325757e+00   3.6848536e+00
   1.3810000e+00   2.7472353e+00   3.6848536e+00
   1.3820000e+00   2.6667220e+00   3.6848536e+00
   1.3830000e+00   2.5906972e+00   3.6848536e+00
   1.3840000e+00   2.5188467e+00   3.6848536e+00
   1.3850000e+00   2.4508786e+00   3.6848536e+00
   1.3860000e+00   2.3865228e+00   3.6848536e+00
   1.3870000e+00   2.3255295e+00   3.6848536e+00
   1.3880000e+00   2.2676678e+00   3.6848536e+00
   1.3890000e+00   2.2127246e+00   3.6848536e+00
   1.3900000e+00   2.1605034e+00   3.6848536e+00
   1.3910000e+00   2.1108229e+00   3.6848536e+00
   1.3920000e+00   2.0635160e+00   3.6848536e+00
   1.3930000e+00   2.0184291e+00   3.6832522e+00
   1.3940000e+00   1.9754202e+00   3.6674578e+00
   1.3950000e+00   1.9343587e+00   3.6090846e+00
   1.3960000e+00   1.8951243e+00   3.5218115e+00
   1.3970000e+00   1.8576059e+00   3.4134823e+00
   1.3980000e+00   1.8217012e+00   3.3019439e+00
   1.3990000e+00   1.7873156e+00   3.1928834e+00
   1.4000000e+00   1.7543618e+00   3.0980855e+00
   1.4010000e+00   1.7227592e+00   3.0003760e+00
   1.4020000e+00   1.6924330e+00   2.9142326e+00
   1.4030000e+00   1.6633140e+00   2.8274685e+00
   1.4040000e+00   1.6353380e+00   2.7284014e+00
   1.4050000e+00   1.6084454e+00   2.6530001e+00
   1.4060000e+00   1.5825809e+00   2.5829168e+00
   1.4070000e+00   1.5576927e+00   2.5024371e+00
   1.4080000e+00   1.5337329e+00   2.4202613e+00
   1.4090000e+00   1.5106565e+00   2.3497518e+00
   1.4100000e+00   1.4884215e+00   2.2809985e+00
   1.4110000e+00   1.4669886e+00   2.2148824e+00
   1.4120000e+00   1.4463210e+00   2.1577189e+00
   1.4130000e+00   1.4263841e+00   2.0931708e+00
   1.4140000e+00   1.4071453e+00   2.0399143e+00
   1.4150000e+00   1.3885741e+00   1.9853382e+00
   1.4160000e+00   1.3706415e+00   1.9211888e+00
   1.4170000e+00   1.3533203e+00   1.8786488e+00
   1.4180000e+00   1.3365847e+00   1.8302168e+00
   1.4190000e+00   1.3204104e+00   1.7783607e+00
   1.4200000e+00   1.3047740e+00   1.7319863e+00
   1.4210000e+00   1.2896539e+00   1.6865755e+00
   1.4220000e+00   1.2750290e+00   1.6448152e+00
   1.4230000e+00   1.2608795e+00   1.6042401e+00
   1.4240000e+00   1.2471866e+00   1.5633574e+00
   1.4250000e+00   1.2339323e+00   1.5200976e+00
   1.4260000e+00   1.2210993e+00   1.4814057e+00
   1.4270000e+00   1.2086713e+00   1.4490336e+00
   1.4280000e+00   1.1966326e+00   1.4171597e+00
   1.4290000e+00   1.1849682e+00   1.3779147e+00
   1.4300000e+00   1.1736637e+00   1.3432405e+00
   1.4310000e+00   1.1627054e+00   1.3083628e+00
   1.4320000e+00   1.1520801e+00   1.2731631e+00
   1.4330000e+00   1.1417750e+00   1.2365886e+00
   1.4340000e+00   1.1317781e+00   1.2078512e+00
   1.4350000e+00   1.1220777e+00   1.1763754e+00
   1.4360000e+00   1.1126625e+00   1.1465545e+00
   1.4370000e+00   1.1035219e+00   1.1231578e+00
   1.4380000e+00   1.0946453e+00   1.0979315e+00
   1.4390000e+00   1.0860228e+00   1.0666936e+00
   1.4400000e+00   1.0776449e+00   1.0355062e+00
   1.4410000e+00   1.0695021e+00   1.0087754e+00
   1.4420000e+00   1.0615858e+00   9.8832622e-01
   1.4430000e+00   1.0538871e+00   9.6366971e-01
   1.4440000e+00   1.0463979e+00   9.3550007e-01
   1.4450000e+00   1.0391102e+00   9.1046756e-01
   1.4460000e+00   1.0320163e+00   8.8145217e-01
   1.4470000e+00   1.0251088e+00   8.6219224e-01
   1.4480000e+00   1.0183804e+00   8.3336573e-01
   1.4490000e+00   1.0118244e+00   8.0652002e-01
   1.4500000e+00   1.0054340e+00   7.8443465e-01
   1.4510000e+00   9.9920286e-01   7.5708149e-01
   1.4520000e+00   9.9312471e-01   7.4100038e-01
   1.4530000e+00   9.8719360e-01   7.1793708e-01
   1.4540000e+00   9.8140375e-01   6.9774213e-01
   1.4550000e+00   9.7574959e-01   6.7885802e-01
   1.4560000e+00   9.7022573e-01   6.5868838e-01
   1.4570000e+00   9.6482700e-01   6.3884899e-01
   1.4580000e+00   9.5954837e-01   6.1233815e-01
   1.4590000e+00   9.5438501e-01   5.8909170e-01
   1.4600000e+00   9.4933225e-01   5.7389140e-01
   1.4610000e+00   9.4438558e-01   5.5398100e-01
   1.4620000e+00   9.3954066e-01   5.3372827e-01
   1.4630000e+00   9.3479329e-01   5.1009743e-01
   1.4640000e+00   9.3013942e-01   4.9424844e-01
   1.4650000e+00   9.2557513e-01   4.7526427e-01
   1.4660000e+00   9.2109666e-01   4.5669941e-01
   1.4670000e+00   9.1670036e-01   4.3939054e-01
   1.4680000e+00   9.1238272e-01   4.2235899e-01
   1.4690000e+00   9.0814034e-01   4.0815109e-01
   1.4700000e+00   9.0396997e-01   3.8883013e-01
   1.4710000e+00   8.9986844e-01   3.7204372e-01
   1.4720000e+00   8.9583272e-01   3.5503423e-01
   1.4730000e+00   8.9185987e-01   3.4125092e-01
   1.4740000e+00   8.8794706e-01   3.2776619e-01
   1.4750000e+00   8.8409157e-01   3.1421436e-01
   1.4760000e+00   8.8029078e-01   3.0267531e-01
   1.4770000e+00   8.7654216e-01   2.8810615e-01
   1.4780000e+00   8.7284326e-01   2.7351160e-01
   1.4790000e+00   8.6919176e-01   2.6118160e-01
   1.4800000e+00   8.6558538e-01   2.4900353e-01
   1.4810000e+00   8.6202197e-01   2.4050991e-01
   1.4820000e+00   8.5849944e-01   2.3131995e-01
   1.4830000e+00   8.5501579e-01   2.2208943e-01
   1.4840000e+00   8.5156909e-01   2.1190887e-01
   1.4850000e+00   8.4815751e-01   2.0277349e-01
   1.4860000e+00   8.4477927e-01   1.9300884e-01
   1.4870000e+00   8.4143268e-01   1.8208798e-01
   1.4880000e+00   8.3811612e-01   1.7150408e-01
   1.4890000e+00   8.3482805e-01   1.6487146e-01
   1.4900000e+00   8.3156699e-01   1.5859448e-01
   1.4910000e+00   8.2833153e-01   1.4973378e-01
   1.4920000e+00   8.2512032e-01   1.4201462e-01
   1.4930000e+00   8.2193210e-01   1.3602180e-01
   1.4940000e+00   8.1876565e-01   1.2678231e-01
   1.4950000e+00   8.1561982e-01   1.2148879e-01
   1.4960000e+00   8.1249353e-01   1.1539527e-01
   1.4970000e+00   8.0938576e-01   1.0912969e-01
   1.4980000e+00   8.0629555e-01   1.0549433e-01
   1.4990000e+00   8.0322200e-01   1.0328368e-01
   1.5000000e+00   8.0016426e-01   9.8710356e-02
   1.5010000e+00   7.9712157e-01   9.2940692e-02
   1.5020000e+00   7.9409319e-01   9.1310359e-02
   1.5030000e+00   7.9107847e-01   8.4279405e-02
   1.5040000e+00   7.8807681e-01   7.9189962e-02
   1.5050000e+00   7.8508767e-01   7.5716265e-02
   1.5060000e+00   7.8211058e-01   7.1703928e-02
   1.5070000e+00   7.7914512e-01   7.0755229e-02
   1.5080000e+00   7.7619094e-01   6.8623176e-02
   1.5090000e+00   7.7324776e-01   6.5655554e-02
   1.5100000e+00   7.7031534e-01   6.2551630e-02
   1.5110000e+00   7.6739353e-01   6.0675129e-02
   1.5120000e+00   7.6448223e-01   5.7570256e-02
   1.5130000e+00   7.6158137e-01   5.4380444e-02
   1.5140000e+00   7.5869095e-01   5.1422024e-02
   1.5150000e+00   7.5581102e-01   4.8307412e-02
   1.5160000e+00   7.5294163e-01   4.6371435e-02
   1.5170000e+00   7.5008285e-01   4.4754880e-02
   1.5180000e+00   7.4723478e-01   4.3980222e-02
   1.5190000e+00   7.4439746e-01   4.2665003e-02
   1.5200000e+00   7.4157092e-01   3.9209127e-02
   1.5210000e+00   7.3875513e-01   3.7710559e-02
   1.5220000e+00   7.3594995e-01   3.6407685e-02
   1.5230000e+00   7.3315517e-01   3.4495090e-02
   1.5240000e+00   7.3037047e-01   3.3718896e-02
   1.5250000e+00   7.2759536e-01   3.3028035e-02
   1.5260000e+00   7.2482924e-01   3.1232759e-02
   1.5270000e+00   7.2207133e-01   3.0515099e-02
   1.5280000e+00   7.1932074e-01   3.0005272e-02
   1.5290000e+00   7.1657638e-01   2.9051857e-02
   1.5300000e+00   7.1383708e-01   2.7633526e-02
   1.5310000e+00   7.1110152e-01   2.6859523e-02
   1.5320000e+00   7.0836830e-01   2.5688655e-02
   1.5330000e+00   7.0563595e-01   2.3723660e-02
   1.5340000e+00   7.0290297e-01   2.1714659e-02
   1.5350000e+00   7.0016788e-01   2.1231328e-02
   1.5360000e+00   6.9742920e-01   2.0985100e-02
   1.5370000e+00   6.9468553e-01   1.9255948e-02
   1.5380000e+00   6.9193557e-01   1.9027625e-02
   1.5390000e+00   6.8917815e-01   1.8256106e-02
   1.5400000e+00   6.8641222e-01   1.7498731e-02
   1.5410000e+00   6.8363693e-01   1.7266309e-02
   1.5420000e+00   6.8085157e-01   1.6044447e-02
   1.5430000e+00   6.7805565e-01   1.4283549e-02
   1.5440000e+00   6.7524887e-01   1.3597801e-02
   1.5450000e+00   6.7243113e-01   1.3339875e-02
   1.5460000e+00   6.6960253e-01   1.3100929e-02
   1.5470000e+00   6.6676338e-01   1.2667971e-02
   1.5480000e+00   6.6391420e-01   1.1937242e-02
   1.5490000e+00   6.6105569e-01   1.1443486e-02
   1.5500000e+00   6.5818878e-01   1.1224991e-02
   1.5510000e+00   6.5531459e-01   1.0721319e-02
   1.5520000e+00   6.5243443e-01   1.0269926e-02
   1.5530000e+00   6.4954978e-01   1.0269926e-02
   1.5540000e+00   6.4666225e-01   1.0269926e-02
   1.5550000e+00   6.4377350e-01   1.0269926e-02
   1.5560000e+00   6.4088517e-01   9.5675954e-03
   1.5570000e+00   6.3799869e-01   9.1242110e-03
   1.5580000e+00   6.3511514e-01   8.6815662e-03
   1.5590000e+00   6.3223502e-01   8.6815662e-03
   1.5600000e+00   6.2935800e-01   8.4516754e-03
   1.5610000e+00   6.2648272e-01   8.2033767e-03
   1.5620000e+00   6.2360663e-01   8.2033767e-03
   1.5630000e+00   6.2072587e-01   8.2033767e-03
   1.5640000e+00   6.1783533e-01   7.7502678e-03
   1.5650000e+00   6.1492877e-01   7.7502678e-03
   1.5660000e+00   6.1199920e-01   7.3293148e-03
   1.5670000e+00   6.0903924e-01   6.8668182e-03
   1.5680000e+00   6.0604170e-01   6.8668182e-03
   1.5690000e+00   6.0300012e-01   6.8668182e-03
   1.5700000e+00   5.9990927e-01   6.6312644e-03
   1.5710000e+00   5.9676559e-01   6.3953450e-03
   1.5720000e+00   5.9356748e-01   5.9454230e-03
   1.5730000e+00   5.9031535e-01   5.7100782e-03
   1.5740000e+00   5.8701156e-01   5.7100782e-03
   1.5750000e+00   5.8366016e-01   5.4889091e-03
   1.5760000e+00   5.8026646e-01   5.2569868e-03
   1.5770000e+00   5.7683661e-01   5.0384187e-03
   1.5780000e+00   5.7337710e-01   5.0384187e-03
   1.5790000e+00   5.6989433e-01   4.8214376e-03
   1.5800000e+00   5.6639428e-01   4.5852291e-03
   1.5810000e+00   5.6288223e-01   3.7200632e-03
   1.5820000e+00   5.5936267e-01   3.7200632e-03
   1.5830000e+00   5.5583924e-01   3.2985502e-03
   1.5840000e+00   5.5231487e-01   3.0880595e-03
   1.5850000e+00   5.4879183e-01   3.0880595e-03
   1.5860000e+00   5.4527191e-01   2.6805621e-03
   1.5870000e+00   5.4175659e-01   2.6805621e-03
   1.5880000e+00   5.3824716e-01   2.6805621e-03
   1.5890000e+00   5.3474480e-01   2.4794720e-03
   1.5900000e+00   5.3125069e-01   2.2646207e-03
   1.5910000e+00   5.2776601e-01   2.2646207e-03
   1.5920000e+00   5.2429193e-01   2.2646207e-03
   1.5930000e+00   5.2082962e-01   1.8084181e-03
   1.5940000e+00   5.1738020e-01   1.8084181e-03
   1.5950000e+00   5.1394469e-01   1.5925477e-03
   1.5960000e+00   5.1052400e-01   1.5925477e-03
   1.5970000e+00   5.0711891e-01   1.5925477e-03
   1.5980000e+00   5.0373003e-01   1.3845716e-03
   1.5990000e+00   5.0035781e-01   1.3845716e-03
   1.6000000e+00   4.9700253e-01   1.1710547e-03
   1.6010000e+00   4.9366435e-01   1.1710547e-03
   1.6020000e+00   4.9034328e-01   1.1710547e-03
   1.6030000e+00   4.8703924e-01   1.1710547e-03
   1.6040000e+00   4.8375205e-01   9.5456750e-04
   1.6050000e+00   4.8048147e-01   9.5456750e-04
   1.6060000e+00   4.7722724e-01   9.5456750e-04
   1.6070000e+00   4.7398907e-01   9.5456750e-04
   1.6080000e+00   4.7076665e-01   9.5456750e-04
   1.6090000e+00   4.6755971e-01   9.5456750e-04
   1.6100000e+00   4.6436800e-01   9.5456750e-04
   1.6110000e+00   4.6119128e-01   9.5456750e-04
   1.6120000e+00   4.5802935e-01   7.4157992e-04
   1.6130000e+00   4.5488207e-01   7.4157992e-04
   1.6140000e+00   4.5174931e-01   7.4157992e-04
   1.6150000e+00   4.4863100e-01   7.4157992e-04
   1.6160000e+00   4.4552709e-01   7.4157992e-04
   1.6170000e+00   4.4243756e-01   7.4157992e-04
   1.6180000e+00   4.3936243e-01   7.4157992e-04
   1.6190000e+00   4.3630174e-01   7.4157992e-04
   1.6200000e+00   4.3325554e-01   7.4157992e-04
   1.6210000e+00   4.3022393e-01   7.4157992e-04
   1.6220000e+00   4.2720699e-01   7.4157992e-04
   1.6230000e+00   4.2420485e-01   7.4157992e-04
   1.6240000e+00   4.2121761e-01   7.4157992e-04
   1.6250000e+00   4.1824542e-01   5.7499497e-04
   1.6260000e+00   4.1528842e-01   5.7499497e-04
   1.6270000e+00   4.1234678e-01   5.7499497e-04
   1.6280000e+00   4.0942066e-01   5.7499497e-04
   1.6290000e+00   4.0651026e-01   5.7499497e-04
   1.6300000e+00   4.0361577e-01   3.9355509e-04
   1.6310000e+00   4.0073742e-01   3.9355509e-04
   1.6320000e+00   3.9787545e-01   3.9355509e-04
   1.6330000e+00   3.9503009e-01   3.9355509e-04
   1.6340000e+00   3.9220162e-01   3.9355509e-04
   1.6350000e+00   3.8939029e-01   3.9355509e-04
   1.6360000e+00   3.8659636e-01   3.9355509e-04
   1.6370000e+00   3.8382005e-01   3.9355509e-04
   1.6380000e+00   3.8106156e-01   1.9823545e-04
   1.6390000e+00   3.7832100e-01   1.9823545e-04
   1.6400000e+00   3.7559842e-01   1.9823545e-04
   1.6410000e+00   3.7289377e-01   1.9823545e-04
   1.6420000e+00   3.7020686e-01   1.9823545e-04
   1.6430000e+00   3.6753739e-01   1.9823545e-04
   1.6440000e+00   3.6488491e-01   1.9823545e-04
   1.6450000e+00   3.6224885e-01   1.9823545e-04
   1.6460000e+00   3.5962853e-01   1.9823545e-04
   1.6470000e+00   3.5702322e-01   1.9823545e-04
   1.6480000e+00   3.5443210e-01   1.9823545e-04
   1.6490000e+00   3.5185442e-01   1.9823545e-04
   1.6500000e+00   3.4928944e-01   1.9823545e-04
   1.6510000e+00   3.4673656e-01   0.0000000e+00
   1.6520000e+00   3.4419530e-01   0.0000000e+00
   1.6530000e+00   3.4166538e-01   0.0000000e+00
   1.6540000e+00   3.3914669e-01   0.0000000e+00
   1.6550000e+00   3.3663933e-01   0.0000000e+00
   1.6560000e+00   3.3414356e-01   0.0000000e+00
   1.6570000e+00   3.3165980e-01   0.0000000e+00
   1.6580000e+00   3.2918856e-01   0.0000000e+00
   1.6590000e+00   3.2673044e-01   0.0000000e+00
   1.6600000e+00   3.2428604e-01   0.0000000e+00
   1.6610000e+00   3.2185594e-01   0.0000000e+00
   1.6620000e+00   3.1944068e-01   0.0000000e+00
   1.6630000e+00   3.1704069e-01   0.0000000e+00
   1.6640000e+00   3.1465633e-01   0.0000000e+00
   1.6650000e+00   3.1228785e-01   0.0000000e+00
   1.6660000e+00   3.0993539e-01   0.0000000e+00
   1.6670000e+00   3.0759904e-01   0.0000000e+00
   1.6680000e+00   3.0527880e-01   0.0000000e+00
   1.6690000e+00   3.0297463e-01   0.0000000e+00
   1.6700000e+00   3.0068646e-01   0.0000000e+00
   1.6710000e+00   2.9841421e-01   0.0000000e+00
   1.6720000e+00   2.9615780e-01   0.0000000e+00
   1.6730000e+00   2.9391717e-01   0.0000000e+00
   1.6740000e+00   2.9169226e-01   0.0000000e+00
   1.6750000e+00   2.8948304e-01   0.0000000e+00
   1.6760000e+00   2.8728952e-01   0.0000000e+00
   1.6770000e+00   2.8511170e-01   0.0000000e+00
   1.6780000e+00   2.8294960e-01   0.0000000e+00
   1.6790000e+00   2.8080326e-01   0.0000000e+00
   1.6800000e+00   2.7867272e-01   0.0000000e+00
   1.6810000e+00   2.7655803e-01   0.0000000e+00
   1.6820000e+00   2.7445922e-01   0.0000000e+00
   1.6830000e+00   2.7237634e-01   0.0000000e+00
   1.6840000e+00   2.7030941e-01   0.0000000e+00
   1.6850000e+00   2.6825846e-01   0.0000000e+00
   1.6860000e+00   2.6622348e-01   0.0000000e+00
   1.6870000e+00   2.6420448e-01   0.0000000e+00
   1.6880000e+00   2.6220144e-01   0.0000000e+00
   1.6890000e+00   2.6021434e-01   0.0000000e+00
   1.6900000e+00   2.5824314e-01   0.0000000e+00
   1.6910000e+00   2.5628778e-01   0.0000000e+00
   1.6920000e+00   2.5434822e-01   0.0000000e+00
   1.6930000e+00   2.5242438e-01   0.0000000e+00
   1.6940000e+00   2.5051618e-01   0.0000000e+00
   1.6950000e+00   2.4862355e-01   0.0000000e+00
   1.6960000e+00   2.4674638e-01   0.0000000e+00
   1.6970000e+00   2.4488459e-01   0.0000000e+00
   1.6980000e+00   2.4303807e-01   0.0000000e+00
   1.6990000e+00   2.4120671e-01   0.0000000e+00
   1.7000000e+00   2.3939040e-01   0.0000000e+00
   1.7010000e+00   2.3758903e-01   0.0000000e+00
   1.7020000e+00   2.3580246e-01   0.0000000e+00
   1.7030000e+00   2.3403059e-01   0.0000000e+00
   1.7040000e+00   2.3227327e-01   0.0000000e+00
   1.7050000e+00   2.3053039e-01   0.0000000e+00
   1.7060000e+00   2.2880180e-01   0.0000000e+00
   1.7070000e+00   2.2708737e-01   0.0000000e+00
   1.7080000e+00   2.2538696e-01   0.0000000e+00
   1.7090000e+00   2.2370042e-01   0.0000000e+00
   1.7100000e+00   2.2202762e-01   0.0000000e+00
   1.7110000e+00   2.2036840e-01   0.0000000e+00
   1.7120000e+00   2.1872260e-01   0.0000000e+00
   1.7130000e+00   2.1709009e-01   0.0000000e+00
   1.7140000e+00   2.1547070e-01   0.0000000e+00
   1.7150000e+00   2.1386428e-01   0.0000000e+00
   1.7160000e+00   2.1227066e-01   0.0000000e+00
   1.7170000e+00   2.1068971e-01   0.0000000e+00
   1.7180000e+00   2.0912125e-01   0.0000000e+00
   1.7190000e+00   2.0756514e-01   0.0000000e+00
   1.7200000e+00   2.0602123e-01   0.0000000e+00
   1.7210000e+00   2.0448936e-01   0.0000000e+00
   1.7220000e+00   2.0296939e-01   0.0000000e+00
   1.7230000e+00   2.0146118e-01   0.0000000e+00
   1.7240000e+00   1.9996461e-01   0.0000000e+00
   1.7250000e+00   1.9847953e-01   0.0000000e+00
   1.7260000e+00   1.9700583e-01   0.0000000e+00
   1.7270000e+00   1.9554340e-01   0.0000000e+00
   1.7280000e+00   1.9409212e-01   0.0000000e+00
   1.7290000e+00   1.9265190e-01   0.0000000e+00
   1.7300000e+00   1.9122264e-01   0.0000000e+00
   1.7310000e+00   1.8980425e-01   0.0000000e+00
   1.7320000e+00   1.8839666e-01   0.0000000e+00
   1.7330000e+00   1.8699978e-01   0.0000000e+00
   1.7340000e+00   1.8561354e-01   0.0000000e+00
   1.7350000e+00   1.8423787e-01   0.0000000e+00
   1.7360000e+00   1.8287270e-01   0.0000000e+00
   1.7370000e+00   1.8151796e-01   0.0000000e+00
   1.7380000e+00   1.8017357e-01   0.0000000e+00
   1.7390000e+00   1.7883947e-01   0.0000000e+00
   1.7400000e+00   1.7751558e-01   0.0000000e+00
   1.7410000e+00   1.7620182e-01   0.0000000e+00
   1.7420000e+00   1.7489810e-01   0.0000000e+00
   1.7430000e+00   1.7360434e-01   0.0000000e+00
   1.7440000e+00   1.7232046e-01   0.0000000e+00
   1.7450000e+00   1.7104636e-01   0.0000000e+00
   1.7460000e+00   1.6978196e-01   0.0000000e+00
   1.7470000e+00   1.6852715e-01   0.0000000e+00
   1.7480000e+00   1.6728186e-01   0.0000000e+00
   1.7490000e+00   1.6604600e-01   0.0000000e+00
   1.7500000e+00   1.6481949e-01   0.0000000e+00
   1.7510000e+00   1.6360227e-01   0.0000000e+00
   1.7520000e+00   1.6239426e-01   0.0000000e+00
   1.7530000e+00   1.6119543e-01   0.0000000e+00
   1.7540000e+00   1.6000573e-01   0.0000000e+00
   1.7550000e+00   1.5882513e-01   0.0000000e+00
   1.7560000e+00   1.5765360e-01   0.0000000e+00
   1.7570000e+00   1.5649114e-01   0.0000000e+00
   1.7580000e+00   1.5533775e-01   0.0000000e+00
   1.7590000e+00   1.5419343e-01   0.0000000e+00
   1.7600000e+00   1.5305819e-01   0.0000000e+00
   1.7610000e+00   1.5193203e-01   0.0000000e+00
   1.7620000e+00   1.5081498e-01   0.0000000e+00
   1.7630000e+00   1.4970704e-01   0.0000000e+00
   1.7640000e+00   1.4860823e-01   0.0000000e+00
   1.7650000e+00   1.4751853e-01   0.0000000e+00
   1.7660000e+00   1.4643795e-01   0.0000000e+00
   1.7670000e+00   1.4536646e-01   0.0000000e+00
   1.7680000e+00   1.4430405e-01   0.0000000e+00
   1.7690000e+00   1.4325068e-01   0.0000000e+00
   1.7700000e+00   1.4220630e-01   0.0000000e+00
   1.7710000e+00   1.4117087e-01   0.0000000e+00
   1.7720000e+00   1.4014430e-01   0.0000000e+00
   1.7730000e+00   1.3912653e-01   0.0000000e+00
   1.7740000e+00   1.3811748e-01   0.0000000e+00
   1.7750000e+00   1.3711706e-01   0.0000000e+00
   1.7760000e+00   1.3612517e-01   0.0000000e+00
   1.7770000e+00   1.3514172e-01   0.0000000e+00
   1.7780000e+00   1.3416660e-01   0.0000000e+00
   1.7790000e+00   1.3319972e-01   0.0000000e+00
   1.7800000e+00   1.3224097e-01   0.0000000e+00
   1.7810000e+00   1.3129026e-01   0.0000000e+00
   1.7820000e+00   1.3034747e-01   0.0000000e+00
   1.7830000e+00   1.2941251e-01   0.0000000e+00
   1.7840000e+00   1.2848528e-01   0.0000000e+00
   1.7850000e+00   1.2756570e-01   0.0000000e+00
   1.7860000e+00   1.2665366e-01   0.0000000e+00
   1.7870000e+00   1.2574909e-01   0.0000000e+00
   1.7880000e+00   1.2485189e-01   0.0000000e+00
   1.7890000e+00   1.2396199e-01   0.0000000e+00
   1.7900000e+00   1.2307930e-01   0.0000000e+00
   1.7910000e+00   1.2220375e-01   0.0000000e+00
   1.7920000e+00   1.2133527e-01   0.0000000e+00
   1.7930000e+00   1.2047378e-01   0.0000000e+00
   1.7940000e+00   1.1961922e-01   0.0000000e+00
   1.7950000e+00   1.1877152e-01   0.0000000e+00
   1.7960000e+00   1.1793062e-01   0.0000000e+00
   1.7970000e+00   1.1709644e-01   0.0000000e+00
   1.7980000e+00   1.1626893e-01   0.0000000e+00
   1.7990000e+00   1.1544803e-01   0.0000000e+00
   1.8000000e+00   1.1463367e-01   0.0000000e+00
   1.8010000e+00   1.1382581e-01   0.0000000e+00
   1.8020000e+00   1.1302437e-01   0.0000000e+00
   1.8030000e+00   1.1222930e-01   0.0000000e+00
   1.8040000e+00   1.1144055e-01   0.0000000e+00
   1.8050000e+00   1.1065807e-01   0.0000000e+00
   1.8060000e+00   1.0988178e-01   0.0000000e+00
   1.8070000e+00   1.0911165e-01   0.0000000e+00
   1.8080000e+00   1.0834762e-01   0.0000000e+00
   1.8090000e+00   1.0758963e-01   0.0000000e+00
   1.8100000e+00   1.0683763e-01   0.0000000e+00
   1.8110000e+00   1.0609156e-01   0.0000000e+00
   1.8120000e+00   1.0535139e-01   0.0000000e+00
   1.8130000e+00   1.0461704e-01   0.0000000e+00
   1.8140000e+00   1.0388849e-01   0.0000000e+00
   1.8150000e+00   1.0316566e-01   0.0000000e+00
   1.8160000e+00   1.0244851e-01   0.0000000e+00
   1.8170000e+00   1.0173700e-01   0.0000000e+00
   1.8180000e+00   1.0103107e-01   0.0000000e+00
   1.8190000e+00   1.0033068e-01   0.0000000e+00
   1.8200000e+00   9.9635765e-02   0.0000000e+00
   1.8210000e+00   9.8946293e-02   0.0000000e+00
   1.8220000e+00   9.8262210e-02   0.0000000e+00
   1.8230000e+00   9.7583470e-02   0.0000000e+00
   1.8240000e+00   9.6910027e-02   0.0000000e+00
   1.8250000e+00   9.6241834e-02   0.0000000e+00
   1.8260000e+00   9.5578846e-02   0.0000000e+00
   1.8270000e+00   9.4921017e-02   0.0000000e+00
   1.8280000e+00   9.4268303e-02   0.0000000e+00
   1.8290000e+00   9.3620660e-02   0.0000000e+00
   1.8300000e+00   9.2978044e-02   0.0000000e+00
   1.8310000e+00   9.2340412e-02   0.0000000e+00
   1.8320000e+00   9.1707722e-02   0.0000000e+00
   1.8330000e+00   9.1079931e-02   0.0000000e+00
   1.8340000e+00   9.0456998e-02   0.0000000e+00
   1.8350000e+00   8.9838883e-02   0.0000000e+00
   1.8360000e+00   8.9225543e-02   0.0000000e+00
   1.8370000e+00   8.8616940e-02   0.0000000e+00
   1.8380000e+00   8.8013034e-02   0.0000000e+00
   1.8390000e+00   8.7413785e-02   0.0000000e+00
   1.8400000e+00   8.6819156e-02   0.0000000e+00
   1.8410000e+00   8.6229107e-02   0.0000000e+00
   1.8420000e+00   8.5643602e-02   0.0000000e+00
   1.8430000e+00   8.5062602e-02   0.0000000e+00
   1.8440000e+00   8.4486072e-02   0.0000000e+00
   1.8450000e+00   8.3913974e-02   0.0000000e+00
   1.8460000e+00   8.3346272e-02   0.0000000e+00
   1.8470000e+00   8.2782931e-02   0.0000000e+00
   1.8480000e+00   8.2223916e-02   0.0000000e+00
   1.8490000e+00   8.1669191e-02   0.0000000e+00
   1.8500000e+00   8.1118722e-02   0.0000000e+00
   1.8510000e+00   8.0572475e-02   0.0000000e+00
   1.8520000e+00   8.0030415e-02   0.0000000e+00
   1.8530000e+00   7.9492509e-02   0.0000000e+00
   1.8540000e+00   7.8958724e-02   0.0000000e+00
   1.8550000e+00   7.8429025e-02   0.0000000e+00
   1.8560000e+00   7.7903382e-02   0.0000000e+00
   1.8570000e+00   7.7381760e-02   0.0000000e+00
   1.8580000e+00   7.6864127e-02   0.0000000e+00
   1.8590000e+00   7.6350452e-02   0.0000000e+00
   1.8600000e+00   7.5840703e-02   0.0000000e+00
   1.8610000e+00   7.5334848e-02   0.0000000e+00
   1.8620000e+00   7.4832855e-02   0.0000000e+00
   1.8630000e+00   7.4334694e-02   0.0000000e+00
   1.8640000e+00   7.3840334e-02   0.0000000e+00
   1.8650000e+00   7.3349743e-02   0.0000000e+00
   1.8660000e+00   7.2862893e-02   0.0000000e+00
   1.8670000e+00   7.2379751e-02   0.0000000e+00
   1.8680000e+00   7.1900289e-02   0.0000000e+00
   1.8690000e+00   7.1424477e-02   0.0000000e+00
   1.8700000e+00   7.0952285e-02   0.0000000e+00
   1.8710000e+00   7.0483684e-02   0.0000000e+00
   1.8720000e+00   7.0018645e-02   0.0000000e+00
   1.8730000e+00   6.9557139e-02   0.0000000e+00
   1.8740000e+00   6.9099138e-02   0.0000000e+00
   1.8750000e+00   6.8644613e-02   0.0000000e+00
   1.8760000e+00   6.8193536e-02   0.0000000e+00
   1.8770000e+00   6.7745880e-02   0.0000000e+00
   1.8780000e+00   6.7301616e-02   0.0000000e+00
   1.8790000e+00   6.6860718e-02   0.0000000e+00
   1.8800000e+00   6.6423159e-02   0.0000000e+00
   1.8810000e+00   6.5988911e-02   0.0000000e+00
   1.8820000e+00   6.5557949e-02   0.0000000e+00
   1.8830000e+00   6.5130245e-02   0.0000000e+00
   1.8840000e+00   6.4705773e-02   0.0000000e+00
   1.8850000e+00   6.4284508e-02   0.0000000e+00
   1.8860000e+00   6.3866424e-02   0.0000000e+00
   1.8870000e+00   6.3451495e-02   0.0000000e+00
   1.8880000e+00   6.3039696e-02   0.0000000e+00
   1.8890000e+00   6.2631003e-02   0.0000000e+00
   1.8900000e+00   6.2225389e-02   0.0000000e+00
   1.8910000e+00   6.1822831e-02   0.0000000e+00
   1.8920000e+00   6.1423305e-02   0.0000000e+00
   1.8930000e+00   6.1026785e-02   0.0000000e+00
   1.8940000e+00   6.0633248e-02   0.0000000e+00
   1.8950000e+00   6.0242669e-02   0.0000000e+00
   1.8960000e+00   5.9855025e-02   0.0000000e+00
   1.8970000e+00   5.9470293e-02   0.0000000e+00
   1.8980000e+00   5.9088448e-02   0.0000000e+00
   1.8990000e+00   5.8709468e-02   0.0000000e+00
   1.9000000e+00   5.8333328e-02   0.0000000e+00
   1.9010000e+00   5.7960006e-02   0.0000000e+00
   1.9020000e+00   5.7589480e-02   0.0000000e+00
   1.9030000e+00   5.7221724e-02   0.0000000e+00
   1.9040000e+00   5.6856718e-02   0.0000000e+00
   1.9050000e+00   5.6494438e-02   0.0000000e+00
   1.9060000e+00   5.6134861e-02   0.0000000e+00
   1.9070000e+00   5.5777964e-02   0.0000000e+00
   1.9080000e+00   5.5423726e-02   0.0000000e+00
   1.9090000e+00   5.5072122e-02   0.0000000e+00
   1.9100000e+00   5.4723131e-02   0.0000000e+00
   1.9110000e+00   5.4376731e-02   0.0000000e+00
   1.9120000e+00   5.4032898e-02   0.0000000e+00
   1.9130000e+00   5.3691610e-02   0.0000000e+00
   1.9140000e+00   5.3352845e-02   0.0000000e+00
   1.9150000e+00   5.3016580e-02   0.0000000e+00
   1.9160000e+00   5.2682793e-02   0.0000000e+00
   1.9170000e+00   5.2351461e-02   0.0000000e+00
   1.9180000e+00   5.2022562e-02   0.0000000e+00
   1.9190000e+00   5.1696074e-02   0.0000000e+00
   1.9200000e+00   5.1371974e-02   0.0000000e+00
   1.9210000e+00   5.1050240e-02   0.0000000e+00
   1.9220000e+00   5.0730850e-02   0.0000000e+00
   1.9230000e+00   5.0413781e-02   0.0000000e+00
   1.9240000e+00   5.0099012e-02   0.0000000e+00
   1.9250000e+00   4.9786520e-02   0.0000000e+00
   1.9260000e+00   4.9476282e-02   0.0000000e+00
   1.9270000e+00   4.9168278e-02   0.0000000e+00
   1.9280000e+00   4.8862484e-02   0.0000000e+00
   1.9290000e+00   4.8558880e-02   0.0000000e+00
   1.9300000e+00   4.8257444e-02   0.0000000e+00
   1.9310000e+00   4.7958153e-02   0.0000000e+00
   1.9320000e+00   4.7660986e-02   0.0000000e+00
   1.9330000e+00   4.7365922e-02   0.0000000e+00
   1.9340000e+00   4.7072940e-02   0.0000000e+00
   1.9350000e+00   4.6782019e-02   0.0000000e+00
   1.9360000e+00   4.6493138e-02   0.0000000e+00
   1.9370000e+00   4.6206275e-02   0.0000000e+00
   1.9380000e+00   4.5921412e-02   0.0000000e+00
   1.9390000e+00   4.5638527e-02   0.0000000e+00
   1.9400000e+00   4.5357600e-02   0.0000000e+00
   1.9410000e+00   4.5078613e-02   0.0000000e+00
   1.9420000e+00   4.4801544e-02   0.0000000e+00
   1.9430000e+00   4.4526376e-02   0.0000000e+00
   1.9440000e+00   4.4253089e-02   0.0000000e+00
   1.9450000e+00   4.3981665e-02   0.0000000e+00
   1.9460000e+00   4.3712085e-02   0.0000000e+00
   1.9470000e+00   4.3444332e-02   0.0000000e+00
   1.9480000e+00   4.3178389e-02   0.0000000e+00
   1.9490000e+00   4.2914237e-02   0.0000000e+00
   1.9500000e+00   4.2651860e-02   0.0000000e+00
   1.9510000e+00   4.2391242e-02   0.0000000e+00
   1.9520000e+00   4.2132367e-02   0.0000000e+00
   1.9530000e+00   4.1875218e-02   0.0000000e+00
   1.9540000e+00   4.1619781e-02   0.0000000e+00
   1.9550000e+00   4.1366041e-02   0.0000000e+00
   1.9560000e+00   4.1113982e-02   0.0000000e+00
   1.9570000e+00   4.0863592e-02   0.0000000e+00
   1.9580000e+00   4.0614856e-02   0.0000000e+00
   1.9590000e+00   4.0367761e-02   0.0000000e+00
   1.9600000e+00   4.0122294e-02   0.0000000e+00
   1.9610000e+00   3.9878442e-02   0.0000000e+00
   1.9620000e+00   3.9636193e-02   0.0000000e+00
   1.9630000e+00   3.9395536e-02   0.0000000e+00
   1.9640000e+00   3.9156457e-02   0.0000000e+00
   1.9650000e+00   3.8918948e-02   0.0000000e+00
   1.9660000e+00   3.8682996e-02   0.0000000e+00
   1.9670000e+00   3.8448591e-02   0.0000000e+00
   1.9680000e+00   3.8215723e-02   0.0000000e+00
   1.9690000e+00   3.7984381e-02   0.0000000e+00
   1.9700000e+00   3.7754557e-02   0.0000000e+00
   1.9710000e+00   3.7526240e-02   0.0000000e+00
   1.9720000e+00   3.7299423e-02   0.0000000e+00
   1.9730000e+00   3.7074094e-02   0.0000000e+00
   1.9740000e+00   3.6850247e-02   0.0000000e+00
   1.9750000e+00   3.6627872e-02   0.0000000e+00
   1.9760000e+00   3.6406961e-02   0.0000000e+00
   1.9770000e+00   3.6187506e-02   0.0000000e+00
   1.9780000e+00   3.5969498e-02   0.0000000e+00
   1.9790000e+00   3.5752930e-02   0.0000000e+00
   1.9800000e+00   3.5537794e-02   0.0000000e+00
   1.9810000e+00   3.5324082e-02   0.0000000e+00
   1.9820000e+00   3.5111787e-02   0.0000000e+00
   1.9830000e+00   3.4900901e-02   0.0000000e+00
   1.9840000e+00   3.4691416e-02   0.0000000e+00
   1.9850000e+00   3.4483324e-02   0.0000000e+00
   1.9860000e+00   3.4276619e-02   0.0000000e+00
   1.9870000e+00   3.4071293e-02   0.0000000e+00
   1.9880000e+00   3.3867338e-02   0.0000000e+00
   1.9890000e+00   3.3664747e-02   0.0000000e+00
   1.9900000e+00   3.3463512e-02   0.0000000e+00
   1.9910000e+00   3.3263625e-02   0.0000000e+00
   1.9920000e+00   3.3065079e-02   0.0000000e+00
   1.9930000e+00   3.2867867e-02   0.0000000e+00
   1.9940000e+00   3.2671980e-02   0.0000000e+00
   1.9950000e+00   3.2477411e-02   0.0000000e+00
   1.9960000e+00   3.2284151e-02   0.0000000e+00
   1.9970000e+00   3.2092193e-02   0.0000000e+00
   1.9980000e+00   3.1901529e-02   0.0000000e+00
   1.9990000e+00   3.1712151e-02   0.0000000e+00
   2.0000000e+00   3.1524050e-02   0.0000000e+00
