J0737-3039A/B 1.3381 0.0007 1.2489 0.0007 2.58708  0.00016
J1913+1102    1.64   0.04   1.24   0.04   2.875    0.014
J1756-2251    1.341  0.007  1.230  0.007  2.56999  0.00006
B2127+11C     1.358  0.01   1.354  0.01   2.71279  0.00013
B1534+12      1.333  0.0002 1.3455 0.0002 2.678463 0.000004
B1913+16      1.4398 0.0002 1.3886 0.0002 2.828378 0.000007
J1757-1854    1.3384 0.0009 1.3946 0.0009 2.73295  0.00009
J0453+1559    1.559  0.005  1.174  0.004  2.733    0.004
J1807-2500B   1.3655 0.0021 1.2064 0.0021 2.57190  0.00073
J1906+0746    1.322  0.011  1.291  0.011  2.6134   0.0003
J1518+4904    1.41   0.08   1.31   0.08   2.7183   0.0007
J0509+3801    1.34   0.08   1.46   0.08   2.805    0.003
